1.000000e+00	5.117153e-01
2.000000e+00	2.099301e+00
3.000000e+00	2.768017e+00
4.000000e+00	1.813571e+00
5.000000e+00	9.739697e-01
6.000000e+00	5.426637e-01
7.000000e+00	3.493024e-01
8.000000e+00	3.170233e-01
9.000000e+00	3.333431e-01
1.000000e+01	2.940104e-01
1.100000e+01	3.466240e-01
1.200000e+01	2.868458e-01
1.300000e+01	2.514352e-01
1.400000e+01	3.974821e-01
1.500000e+01	4.505167e-01
1.600000e+01	4.226405e-01
1.700000e+01	3.588904e-01
1.800000e+01	2.626253e-01
1.900000e+01	2.727374e-01
2.000000e+01	3.342861e-01
