1	3.968489e-01	6.036899e-01
0
3	1.995034e+00
4	1.992476e+00
5	1.989869e+00
6	1.987211e+00
7	1.984504e+00
8	1.981748e+00
9	1.978943e+00
10	1.976089e+00
11	1.973187e+00
12	1.970236e+00
13	1.967237e+00
14	1.964190e+00
15	1.961095e+00
16	1.957953e+00
17	1.954764e+00
18	1.951527e+00
19	1.948244e+00
20	1.944914e+00
21	1.941538e+00
22	1.938116e+00
23	1.934649e+00
24	1.931135e+00
25	1.927576e+00
26	1.923973e+00
27	1.920324e+00
28	1.916631e+00
29	1.912894e+00
30	1.909112e+00
31	1.905287e+00
32	1.901419e+00
33	1.897507e+00
34	1.893552e+00
35	1.889555e+00
36	1.885515e+00
37	1.881434e+00
38	1.877310e+00
39	1.873145e+00
40	1.868939e+00
41	1.864691e+00
42	1.860403e+00
43	1.856075e+00
44	1.851707e+00
45	1.847299e+00
46	1.842851e+00
47	1.838364e+00
48	1.833839e+00
49	1.829274e+00
50	1.824672e+00
51	1.820031e+00
52	1.815353e+00
53	1.810638e+00
54	1.805885e+00
55	1.801096e+00
56	1.796271e+00
57	1.791409e+00
58	1.786512e+00
59	1.781579e+00
60	1.776611e+00
61	1.771609e+00
62	1.766572e+00
63	1.761500e+00
64	1.756395e+00
65	1.751257e+00
66	1.746085e+00
67	1.740881e+00
68	1.735644e+00
69	1.730375e+00
70	1.725074e+00
71	1.719742e+00
72	1.714379e+00
73	1.708985e+00
74	1.703560e+00
75	1.698105e+00
76	1.692621e+00
77	1.687107e+00
78	1.681565e+00
79	1.675993e+00
80	1.670393e+00
81	1.664765e+00
82	1.659110e+00
83	1.653427e+00
84	1.647717e+00
85	1.641981e+00
86	1.636218e+00
87	1.630429e+00
88	1.624615e+00
89	1.618776e+00
90	1.612912e+00
91	1.607023e+00
92	1.601111e+00
93	1.595174e+00
94	1.589214e+00
95	1.583232e+00
96	1.577226e+00
97	1.571198e+00
98	1.565148e+00
99	1.559077e+00
100	1.552985e+00
101	1.546871e+00
102	1.540737e+00
103	1.534583e+00
104	1.528409e+00
105	1.522216e+00
106	1.516003e+00
107	1.509772e+00
108	1.503523e+00
109	1.497256e+00
110	1.490971e+00
111	1.484669e+00
112	1.478350e+00
113	1.472014e+00
114	1.465663e+00
115	1.459295e+00
116	1.452912e+00
117	1.446514e+00
118	1.440102e+00
119	1.433675e+00
120	1.427234e+00
121	1.420780e+00
122	1.414312e+00
123	1.407832e+00
124	1.401339e+00
125	1.394833e+00
126	1.388317e+00
127	1.381788e+00
128	1.375249e+00
129	1.368699e+00
130	1.362138e+00
131	1.355568e+00
132	1.348988e+00
133	1.342399e+00
134	1.335801e+00
135	1.329194e+00
136	1.322579e+00
137	1.315957e+00
138	1.309326e+00
139	1.302689e+00
140	1.296045e+00
141	1.289395e+00
142	1.282738e+00
143	1.276076e+00
144	1.269409e+00
145	1.262736e+00
146	1.256059e+00
147	1.249378e+00
148	1.242692e+00
149	1.236003e+00
150	1.229311e+00
151	1.222616e+00
152	1.215918e+00
153	1.209218e+00
154	1.202516e+00
155	1.195813e+00
156	1.189108e+00
157	1.182403e+00
158	1.175697e+00
159	1.168991e+00
160	1.162285e+00
161	1.155579e+00
162	1.148874e+00
163	1.142171e+00
164	1.135469e+00
165	1.128768e+00
166	1.122070e+00
167	1.115374e+00
168	1.108681e+00
169	1.101991e+00
170	1.095305e+00
171	1.088622e+00
172	1.081944e+00
173	1.075270e+00
174	1.068600e+00
175	1.061936e+00
176	1.055276e+00
177	1.048623e+00
178	1.041975e+00
179	1.035334e+00
180	1.028699e+00
181	1.022071e+00
182	1.015450e+00
183	1.008837e+00
184	1.002232e+00
185	9.956342e-01
186	9.890452e-01
187	9.824648e-01
188	9.758933e-01
189	9.693312e-01
190	9.627785e-01
191	9.562357e-01
192	9.497030e-01
193	9.431807e-01
194	9.366691e-01
195	9.301685e-01
196	9.236790e-01
197	9.172011e-01
198	9.107350e-01
199	9.042810e-01
200	8.978393e-01
201	8.914102e-01
202	8.849939e-01
203	8.785909e-01
204	8.722012e-01
205	8.658251e-01
206	8.594630e-01
207	8.531151e-01
208	8.467816e-01
209	8.404628e-01
210	8.341589e-01
211	8.278702e-01
212	8.215969e-01
213	8.153393e-01
214	8.090977e-01
215	8.028722e-01
216	7.966631e-01
217	7.904706e-01
218	7.842950e-01
219	7.781365e-01
220	7.719953e-01
221	7.658717e-01
222	7.597659e-01
223	7.536780e-01
224	7.476084e-01
225	7.415573e-01
226	7.355248e-01
227	7.295111e-01
228	7.235166e-01
229	7.175414e-01
230	7.115856e-01
231	7.056496e-01
232	6.997335e-01
233	6.938375e-01
234	6.879618e-01
235	6.821066e-01
236	6.762721e-01
237	6.704585e-01
238	6.646660e-01
239	6.588947e-01
240	6.531449e-01
241	6.474168e-01
242	6.417104e-01
243	6.360260e-01
244	6.303638e-01
245	6.247240e-01
246	6.191066e-01
247	6.135119e-01
248	6.079401e-01
249	6.023912e-01
250	5.968655e-01
251	5.913631e-01
252	5.858843e-01
253	5.804290e-01
254	5.749975e-01
255	5.695900e-01
256	5.642065e-01
257	5.588472e-01
258	5.535124e-01
259	5.482020e-01
260	5.429162e-01
261	5.376552e-01
262	5.324192e-01
263	5.272081e-01
264	5.220222e-01
265	5.168616e-01
266	5.117264e-01
267	5.066168e-01
268	5.015327e-01
269	4.964745e-01
270	4.914421e-01
271	4.864357e-01
272	4.814554e-01
273	4.765013e-01
274	4.715734e-01
275	4.666720e-01
276	4.617971e-01
277	4.569488e-01
278	4.521271e-01
279	4.473323e-01
280	4.425643e-01
281	4.378232e-01
282	4.331092e-01
283	4.284224e-01
284	4.237627e-01
285	4.191303e-01
286	4.145252e-01
287	4.099476e-01
288	4.053975e-01
289	4.008749e-01
290	3.963800e-01
291	3.919127e-01
292	3.874732e-01
293	3.830616e-01
294	3.786777e-01
295	3.743218e-01
296	3.699939e-01
297	3.656940e-01
298	3.614222e-01
299	3.571784e-01
300	3.529629e-01
301	3.487755e-01
302	3.446163e-01
303	3.404855e-01
304	3.363829e-01
305	3.323086e-01
306	3.282628e-01
307	3.242453e-01
308	3.202562e-01
309	3.162955e-01
310	3.123634e-01
311	3.084597e-01
312	3.045844e-01
313	3.007377e-01
314	2.969195e-01
315	2.931298e-01
316	2.893687e-01
317	2.856361e-01
318	2.819320e-01
319	2.782565e-01
320	2.746095e-01
321	2.709911e-01
322	2.674011e-01
323	2.638398e-01
324	2.603069e-01
325	2.568025e-01
326	2.533266e-01
327	2.498792e-01
328	2.464603e-01
329	2.430697e-01
330	2.397077e-01
331	2.363739e-01
332	2.330686e-01
333	2.297916e-01
334	2.265429e-01
335	2.233225e-01
336	2.201304e-01
337	2.169664e-01
338	2.138307e-01
339	2.107230e-01
340	2.076435e-01
341	2.045920e-01
342	2.015686e-01
343	1.985730e-01
344	1.956055e-01
345	1.926657e-01
346	1.897538e-01
347	1.868697e-01
348	1.840132e-01
349	1.811844e-01
350	1.783833e-01
351	1.756096e-01
352	1.728634e-01
353	1.701446e-01
354	1.674532e-01
355	1.647890e-01
356	1.621520e-01
357	1.595422e-01
358	1.569595e-01
359	1.544037e-01
360	1.518748e-01
361	1.493728e-01
362	1.468976e-01
363	1.444490e-01
364	1.420271e-01
365	1.396316e-01
366	1.372627e-01
367	1.349200e-01
368	1.326036e-01
369	1.303134e-01
370	1.280493e-01
371	1.258112e-01
372	1.235990e-01
373	1.214126e-01
374	1.192519e-01
375	1.171169e-01
376	1.150073e-01
377	1.129232e-01
378	1.108644e-01
379	1.088308e-01
380	1.068224e-01
381	1.048389e-01
382	1.028804e-01
383	1.009467e-01
384	9.903763e-02
385	9.715317e-02
386	9.529319e-02
387	9.345758e-02
388	9.164621e-02
389	8.985898e-02
390	8.809578e-02
391	8.635648e-02
392	8.464097e-02
393	8.294914e-02
394	8.128085e-02
395	7.963601e-02
396	7.801447e-02
397	7.641613e-02
398	7.484086e-02
399	7.328853e-02
400	7.175902e-02
401	7.025221e-02
402	6.876796e-02
403	6.730615e-02
404	6.586666e-02
405	6.444935e-02
406	6.305409e-02
407	6.168076e-02
408	6.032922e-02
409	5.899933e-02
410	5.769098e-02
411	5.640401e-02
412	5.513830e-02
413	5.389372e-02
414	5.267012e-02
415	5.146736e-02
416	5.028533e-02
417	4.912386e-02
418	4.798283e-02
419	4.686210e-02
420	4.576152e-02
421	4.468096e-02
422	4.362027e-02
423	4.257932e-02
424	4.155796e-02
425	4.055605e-02
426	3.957344e-02
427	3.861000e-02
428	3.766557e-02
429	3.674001e-02
430	3.583319e-02
431	3.494495e-02
432	3.407514e-02
433	3.322363e-02
434	3.239026e-02
435	3.157489e-02
436	3.077737e-02
437	2.999755e-02
438	2.923528e-02
439	2.849043e-02
440	2.776283e-02
441	2.705234e-02
442	2.635881e-02
443	2.568209e-02
444	2.502203e-02
445	2.437849e-02
446	2.375131e-02
447	2.314034e-02
448	2.254543e-02
449	2.196643e-02
450	2.140319e-02
451	2.085557e-02
452	2.032340e-02
453	1.980655e-02
454	1.930485e-02
455	1.881816e-02
456	1.834633e-02
457	1.788920e-02
458	1.744662e-02
459	1.701845e-02
460	1.660453e-02
461	1.620472e-02
462	1.581885e-02
463	1.544679e-02
464	1.508837e-02
465	1.474345e-02
466	1.441189e-02
467	1.409351e-02
468	1.378819e-02
469	1.349576e-02
470	1.321608e-02
471	1.294900e-02
472	1.269436e-02
473	1.245203e-02
474	1.222184e-02
475	1.200365e-02
476	1.179731e-02
477	1.160267e-02
478	1.141959e-02
479	1.124792e-02
480	1.108750e-02
481	1.093819e-02
482	1.079985e-02
483	1.067232e-02
484	1.055546e-02
485	1.044913e-02
486	1.035317e-02
487	1.026745e-02
488	1.019182e-02
489	1.012612e-02
490	1.007023e-02
491	1.002399e-02
492	9.987260e-03
493	9.959900e-03
494	9.941764e-03
495	9.932713e-03
496	9.932603e-03
497	9.941293e-03
498	9.958643e-03
499	9.984513e-03
500	1.001876e-02
501	1.006125e-02
502	1.011184e-02
503	1.017040e-02
504	1.023678e-02
505	1.031085e-02
506	1.039248e-02
507	1.048152e-02
508	1.057784e-02
509	1.068131e-02
510	1.079180e-02
511	1.090916e-02
512	1.103327e-02
513	1.116399e-02
514	1.130120e-02
515	1.144475e-02
516	1.159453e-02
517	1.175040e-02
518	1.191224e-02
519	1.207991e-02
520	1.225328e-02
521	1.243224e-02
522	1.261665e-02
523	1.280639e-02
524	1.300133e-02
525	1.320136e-02
526	1.340634e-02
527	1.361615e-02
528	1.383068e-02
529	1.404980e-02
530	1.427338e-02
531	1.450132e-02
532	1.473350e-02
533	1.496979e-02
534	1.521007e-02
535	1.545424e-02
536	1.570217e-02
537	1.595376e-02
538	1.620888e-02
539	1.646742e-02
540	1.672928e-02
541	1.699434e-02
542	1.726248e-02
543	1.753361e-02
544	1.780760e-02
545	1.808436e-02
546	1.836378e-02
547	1.864574e-02
548	1.893015e-02
549	1.921689e-02
550	1.950588e-02
551	1.979699e-02
552	2.009013e-02
553	2.038520e-02
554	2.068210e-02
555	2.098073e-02
556	2.128099e-02
557	2.158278e-02
558	2.188601e-02
559	2.219058e-02
560	2.249639e-02
561	2.280336e-02
562	2.311138e-02
563	2.342037e-02
564	2.373024e-02
565	2.404089e-02
566	2.435223e-02
567	2.466419e-02
568	2.497666e-02
569	2.528956e-02
570	2.560281e-02
571	2.591633e-02
572	2.623002e-02
573	2.654381e-02
574	2.685761e-02
575	2.717135e-02
576	2.748493e-02
577	2.779830e-02
578	2.811135e-02
579	2.842403e-02
580	2.873624e-02
581	2.904793e-02
582	2.935900e-02
583	2.966940e-02
584	2.997904e-02
585	3.028785e-02
586	3.059577e-02
587	3.090272e-02
588	3.120864e-02
589	3.151346e-02
590	3.181711e-02
591	3.211952e-02
592	3.242064e-02
593	3.272039e-02
594	3.301872e-02
595	3.331555e-02
596	3.361084e-02
597	3.390452e-02
598	3.419652e-02
599	3.448680e-02
600	3.477530e-02
601	3.506195e-02
602	3.534671e-02
603	3.562951e-02
604	3.591032e-02
605	3.618906e-02
606	3.646569e-02
607	3.674017e-02
608	3.701243e-02
609	3.728244e-02
610	3.755013e-02
611	3.781548e-02
612	3.807842e-02
613	3.833892e-02
614	3.859693e-02
615	3.885240e-02
616	3.910530e-02
617	3.935557e-02
618	3.960320e-02
619	3.984812e-02
620	4.009030e-02
621	4.032971e-02
622	4.056631e-02
623	4.080005e-02
624	4.103092e-02
625	4.125886e-02
626	4.148385e-02
627	4.170585e-02
628	4.192484e-02
629	4.214078e-02
630	4.235364e-02
631	4.256339e-02
632	4.277000e-02
633	4.297345e-02
634	4.317371e-02
635	4.337076e-02
636	4.356456e-02
637	4.375509e-02
638	4.394233e-02
639	4.412626e-02
640	4.430686e-02
641	4.448410e-02
642	4.465796e-02
643	4.482843e-02
644	4.499549e-02
645	4.515911e-02
646	4.531929e-02
647	4.547600e-02
648	4.562923e-02
649	4.577896e-02
650	4.592519e-02
651	4.606789e-02
652	4.620706e-02
653	4.634268e-02
654	4.647475e-02
655	4.660325e-02
656	4.672817e-02
657	4.684951e-02
658	4.696725e-02
659	4.708139e-02
660	4.719193e-02
661	4.729885e-02
662	4.740216e-02
663	4.750184e-02
664	4.759790e-02
665	4.769033e-02
666	4.777913e-02
667	4.786429e-02
668	4.794582e-02
669	4.802372e-02
670	4.809798e-02
671	4.816861e-02
672	4.823561e-02
673	4.829898e-02
674	4.835872e-02
675	4.841485e-02
676	4.846735e-02
677	4.851624e-02
678	4.856152e-02
679	4.860319e-02
680	4.864128e-02
681	4.867577e-02
682	4.870668e-02
683	4.873402e-02
684	4.875780e-02
685	4.877802e-02
686	4.879470e-02
687	4.880785e-02
688	4.881747e-02
689	4.882358e-02
690	4.882619e-02
691	4.882532e-02
692	4.882097e-02
693	4.881316e-02
694	4.880191e-02
695	4.878723e-02
696	4.876914e-02
697	4.874764e-02
698	4.872276e-02
699	4.869452e-02
700	4.866292e-02
701	4.862800e-02
702	4.858976e-02
703	4.854822e-02
704	4.850341e-02
705	4.845534e-02
706	4.840404e-02
707	4.834952e-02
708	4.829180e-02
709	4.823090e-02
710	4.816685e-02
711	4.809967e-02
712	4.802938e-02
713	4.795600e-02
714	4.787955e-02
715	4.780007e-02
716	4.771756e-02
717	4.763207e-02
718	4.754360e-02
719	4.745219e-02
720	4.735785e-02
721	4.726063e-02
722	4.716053e-02
723	4.705759e-02
724	4.695183e-02
725	4.684329e-02
726	4.673198e-02
727	4.661793e-02
728	4.650117e-02
729	4.638174e-02
730	4.625964e-02
731	4.613493e-02
732	4.600761e-02
733	4.587773e-02
734	4.574531e-02
735	4.561038e-02
736	4.547297e-02
737	4.533310e-02
738	4.519082e-02
739	4.504614e-02
740	4.489910e-02
741	4.474973e-02
742	4.459806e-02
743	4.444412e-02
744	4.428794e-02
745	4.412956e-02
746	4.396899e-02
747	4.380629e-02
748	4.364147e-02
749	4.347456e-02
750	4.330561e-02
751	4.313464e-02
752	4.296168e-02
753	4.278677e-02
754	4.260993e-02
755	4.243121e-02
756	4.225063e-02
757	4.206823e-02
758	4.188403e-02
759	4.169808e-02
760	4.151040e-02
761	4.132103e-02
762	4.112999e-02
763	4.093734e-02
764	4.074308e-02
765	4.054727e-02
766	4.034993e-02
767	4.015109e-02
768	3.995079e-02
769	3.974907e-02
770	3.954595e-02
771	3.934147e-02
772	3.913566e-02
773	3.892856e-02
774	3.872019e-02
775	3.851060e-02
776	3.829982e-02
777	3.808787e-02
778	3.787479e-02
779	3.766062e-02
780	3.744538e-02
781	3.722912e-02
782	3.701186e-02
783	3.679364e-02
784	3.657449e-02
785	3.635444e-02
786	3.613353e-02
787	3.591179e-02
788	3.568925e-02
789	3.546594e-02
790	3.524190e-02
791	3.501716e-02
792	3.479176e-02
793	3.456571e-02
794	3.433907e-02
795	3.411185e-02
796	3.388409e-02
797	3.365582e-02
798	3.342708e-02
799	3.319789e-02
800	3.296830e-02
801	3.273832e-02
802	3.250798e-02
803	3.227734e-02
804	3.204640e-02
805	3.181520e-02
806	3.158378e-02
807	3.135216e-02
808	3.112038e-02
809	3.088846e-02
810	3.065644e-02
811	3.042434e-02
812	3.019220e-02
813	2.996003e-02
814	2.972789e-02
815	2.949578e-02
816	2.926374e-02
817	2.903181e-02
818	2.880000e-02
819	2.856836e-02
820	2.833689e-02
821	2.810564e-02
822	2.787463e-02
823	2.764389e-02
824	2.741345e-02
825	2.718333e-02
826	2.695356e-02
827	2.672416e-02
828	2.649517e-02
829	2.626661e-02
830	2.603851e-02
831	2.581089e-02
832	2.558377e-02
833	2.535719e-02
834	2.513116e-02
835	2.490572e-02
836	2.468089e-02
837	2.445669e-02
838	2.423314e-02
839	2.401028e-02
840	2.378812e-02
841	2.356668e-02
842	2.334600e-02
843	2.312609e-02
844	2.290697e-02
845	2.268868e-02
846	2.247122e-02
847	2.225463e-02
848	2.203892e-02
849	2.182412e-02
850	2.161024e-02
851	2.139731e-02
852	2.118535e-02
853	2.097438e-02
854	2.076442e-02
855	2.055548e-02
856	2.034759e-02
857	2.014077e-02
858	1.993504e-02
859	1.973040e-02
860	1.952690e-02
861	1.932453e-02
862	1.912332e-02
863	1.892329e-02
864	1.872444e-02
865	1.852681e-02
866	1.833041e-02
867	1.813525e-02
868	1.794135e-02
869	1.774873e-02
870	1.755739e-02
871	1.736736e-02
872	1.717865e-02
873	1.699128e-02
874	1.680526e-02
875	1.662060e-02
876	1.643732e-02
877	1.625543e-02
878	1.607494e-02
879	1.589588e-02
880	1.571824e-02
881	1.554204e-02
882	1.536730e-02
883	1.519402e-02
884	1.502222e-02
885	1.485191e-02
886	1.468310e-02
887	1.451580e-02
888	1.435002e-02
889	1.418577e-02
890	1.402306e-02
891	1.386190e-02
892	1.370229e-02
893	1.354426e-02
894	1.338780e-02
895	1.323293e-02
896	1.307964e-02
897	1.292796e-02
898	1.277788e-02
899	1.262942e-02
900	1.248258e-02
901	1.233737e-02
902	1.219379e-02
903	1.205186e-02
904	1.191156e-02
905	1.177292e-02
906	1.163594e-02
907	1.150061e-02
908	1.136696e-02
909	1.123497e-02
910	1.110466e-02
911	1.097602e-02
912	1.084907e-02
913	1.072380e-02
914	1.060022e-02
915	1.047833e-02
916	1.035813e-02
917	1.023962e-02
918	1.012282e-02
919	1.000771e-02
920	9.894302e-03
921	9.782595e-03
922	9.672589e-03
923	9.564286e-03
924	9.457686e-03
925	9.352788e-03
926	9.249593e-03
927	9.148100e-03
928	9.048309e-03
929	8.950218e-03
930	8.853826e-03
931	8.759133e-03
932	8.666136e-03
933	8.574833e-03
934	8.485223e-03
935	8.397302e-03
936	8.311069e-03
937	8.226520e-03
938	8.143653e-03
939	8.062463e-03
940	7.982948e-03
941	7.905104e-03
942	7.828927e-03
943	7.754412e-03
944	7.681556e-03
945	7.610353e-03
946	7.540798e-03
947	7.472887e-03
948	7.406615e-03
949	7.341975e-03
950	7.278963e-03
951	7.217571e-03
952	7.157795e-03
953	7.099627e-03
954	7.043062e-03
955	6.988092e-03
956	6.934711e-03
957	6.882911e-03
958	6.832686e-03
959	6.784028e-03
960	6.736928e-03
961	6.691380e-03
962	6.647376e-03
963	6.604906e-03
964	6.563963e-03
965	6.524539e-03
966	6.486624e-03
967	6.450209e-03
968	6.415286e-03
969	6.381846e-03
970	6.349878e-03
971	6.319374e-03
972	6.290324e-03
973	6.262717e-03
974	6.236545e-03
975	6.211796e-03
976	6.188461e-03
977	6.166529e-03
978	6.145990e-03
979	6.126832e-03
980	6.109046e-03
981	6.092619e-03
982	6.077541e-03
983	6.063801e-03
984	6.051387e-03
985	6.040288e-03
986	6.030493e-03
987	6.021988e-03
988	6.014763e-03
989	6.008806e-03
990	6.004105e-03
991	6.000646e-03
992	5.998419e-03
993	5.997411e-03
994	5.997609e-03
995	5.999000e-03
996	6.001573e-03
997	6.005313e-03
998	6.010209e-03
999	6.016248e-03
1000	6.023415e-03
