1	0.000000e+00
2	1.997179e+00
3	1.994272e+00
4	1.991331e+00
5	1.988322e+00
6	1.985272e+00
7	1.982164e+00
8	1.979012e+00
9	1.975766e+00
10	1.972414e+00
11	1.968982e+00
12	1.965480e+00
13	1.961881e+00
14	1.958240e+00
15	1.954583e+00
16	1.950832e+00
17	1.947021e+00
18	1.943135e+00
19	1.939195e+00
20	1.935178e+00
21	1.931082e+00
22	1.926907e+00
23	1.922682e+00
24	1.918399e+00
25	1.914022e+00
26	1.909611e+00
27	1.905151e+00
28	1.900659e+00
29	1.896080e+00
30	1.891535e+00
31	1.886895e+00
32	1.882191e+00
33	1.877421e+00
34	1.872603e+00
35	1.867715e+00
36	1.862745e+00
37	1.857703e+00
38	1.852667e+00
39	1.847585e+00
40	1.842425e+00
41	1.837236e+00
42	1.831976e+00
43	1.826714e+00
44	1.821406e+00
45	1.816105e+00
46	1.810764e+00
47	1.805340e+00
48	1.799860e+00
49	1.794411e+00
50	1.788930e+00
51	1.783389e+00
52	1.777833e+00
53	1.772243e+00
54	1.766647e+00
55	1.760968e+00
56	1.755227e+00
57	1.749424e+00
58	1.743524e+00
59	1.737576e+00
60	1.731603e+00
61	1.725601e+00
62	1.719566e+00
63	1.713497e+00
64	1.707405e+00
65	1.701294e+00
66	1.695133e+00
67	1.688885e+00
68	1.682571e+00
69	1.676205e+00
70	1.669750e+00
71	1.663258e+00
72	1.656757e+00
73	1.650230e+00
74	1.643686e+00
75	1.637064e+00
76	1.630400e+00
77	1.623694e+00
78	1.616908e+00
79	1.610119e+00
80	1.603297e+00
81	1.596467e+00
82	1.589646e+00
83	1.582832e+00
84	1.575951e+00
85	1.569002e+00
86	1.562039e+00
87	1.555003e+00
88	1.547889e+00
89	1.540801e+00
90	1.533707e+00
91	1.526607e+00
92	1.519468e+00
93	1.512287e+00
94	1.505083e+00
95	1.497890e+00
96	1.490702e+00
97	1.483466e+00
98	1.476169e+00
99	1.468822e+00
100	1.461511e+00
101	1.454156e+00
102	1.446803e+00
103	1.439417e+00
104	1.432011e+00
105	1.424590e+00
106	1.417200e+00
107	1.409797e+00
108	1.402377e+00
109	1.394940e+00
110	1.387495e+00
111	1.380049e+00
112	1.372600e+00
113	1.365121e+00
114	1.357610e+00
115	1.350061e+00
116	1.342544e+00
117	1.334983e+00
118	1.327414e+00
119	1.319827e+00
120	1.312214e+00
121	1.304599e+00
122	1.297006e+00
123	1.289392e+00
124	1.281765e+00
125	1.274105e+00
126	1.266454e+00
127	1.258777e+00
128	1.251065e+00
129	1.243309e+00
130	1.235572e+00
131	1.227832e+00
132	1.220064e+00
133	1.212276e+00
134	1.204501e+00
135	1.196740e+00
136	1.188965e+00
137	1.181168e+00
138	1.173351e+00
139	1.165509e+00
140	1.157669e+00
141	1.149848e+00
142	1.142005e+00
143	1.134155e+00
144	1.126296e+00
145	1.118464e+00
146	1.110652e+00
147	1.102825e+00
148	1.095035e+00
149	1.087252e+00
150	1.079475e+00
151	1.071727e+00
152	1.063961e+00
153	1.056211e+00
154	1.048469e+00
155	1.040746e+00
156	1.033048e+00
157	1.025389e+00
158	1.017736e+00
159	1.010070e+00
160	1.002427e+00
161	9.948194e-01
162	9.872636e-01
163	9.797166e-01
164	9.721895e-01
165	9.646590e-01
166	9.571420e-01
167	9.496196e-01
168	9.421286e-01
169	9.346440e-01
170	9.272134e-01
171	9.197755e-01
172	9.123654e-01
173	9.049502e-01
174	8.975553e-01
175	8.901778e-01
176	8.828213e-01
177	8.754801e-01
178	8.681761e-01
179	8.608759e-01
180	8.535977e-01
181	8.463410e-01
182	8.390924e-01
183	8.318762e-01
184	8.246688e-01
185	8.174823e-01
186	8.103029e-01
187	8.031414e-01
188	7.959978e-01
189	7.888658e-01
190	7.817428e-01
191	7.746309e-01
192	7.675193e-01
193	7.604363e-01
194	7.533687e-01
195	7.463262e-01
196	7.393212e-01
197	7.323219e-01
198	7.253530e-01
199	7.183985e-01
200	7.114776e-01
201	7.045767e-01
202	6.977005e-01
203	6.908410e-01
204	6.840059e-01
205	6.771950e-01
206	6.704284e-01
207	6.636972e-01
208	6.570020e-01
209	6.503273e-01
210	6.436796e-01
211	6.370790e-01
212	6.305253e-01
213	6.240073e-01
214	6.175294e-01
215	6.110686e-01
216	6.046620e-01
217	5.982868e-01
218	5.919524e-01
219	5.856402e-01
220	5.793437e-01
221	5.730782e-01
222	5.668322e-01
223	5.606143e-01
224	5.544236e-01
225	5.482790e-01
226	5.421563e-01
227	5.360590e-01
228	5.300003e-01
229	5.239833e-01
230	5.180078e-01
231	5.120764e-01
232	5.061721e-01
233	5.003125e-01
234	4.944898e-01
235	4.886908e-01
236	4.829329e-01
237	4.772271e-01
238	4.715496e-01
239	4.659143e-01
240	4.603192e-01
241	4.547517e-01
242	4.492166e-01
243	4.437170e-01
244	4.382649e-01
245	4.328497e-01
246	4.274674e-01
247	4.221133e-01
248	4.168043e-01
249	4.115289e-01
250	4.062842e-01
251	4.010707e-01
252	3.958825e-01
253	3.907297e-01
254	3.856074e-01
255	3.805134e-01
256	3.754585e-01
257	3.704352e-01
258	3.654629e-01
259	3.605359e-01
260	3.556422e-01
261	3.507906e-01
262	3.459752e-01
263	3.411967e-01
264	3.364716e-01
265	3.317836e-01
266	3.271220e-01
267	3.225072e-01
268	3.179321e-01
269	3.133907e-01
270	3.088841e-01
271	3.044129e-01
272	2.999782e-01
273	2.955766e-01
274	2.912093e-01
275	2.868764e-01
276	2.825853e-01
277	2.783303e-01
278	2.741165e-01
279	2.699438e-01
280	2.657996e-01
281	2.616943e-01
282	2.576399e-01
283	2.536307e-01
284	2.496536e-01
285	2.457186e-01
286	2.418142e-01
287	2.379388e-01
288	2.341037e-01
289	2.303056e-01
290	2.265491e-01
291	2.228289e-01
292	2.191479e-01
293	2.155054e-01
294	2.119019e-01
295	2.083422e-01
296	2.048239e-01
297	2.013403e-01
298	1.978920e-01
299	1.944778e-01
300	1.910957e-01
301	1.877499e-01
302	1.844399e-01
303	1.811641e-01
304	1.779295e-01
305	1.747344e-01
306	1.715782e-01
307	1.684559e-01
308	1.653720e-01
309	1.623260e-01
310	1.593170e-01
311	1.563391e-01
312	1.533952e-01
313	1.504907e-01
314	1.476213e-01
315	1.447872e-01
316	1.419884e-01
317	1.392245e-01
318	1.364971e-01
319	1.338016e-01
320	1.311457e-01
321	1.285212e-01
322	1.259275e-01
323	1.233697e-01
324	1.208417e-01
325	1.183468e-01
326	1.158815e-01
327	1.134501e-01
328	1.110548e-01
329	1.086940e-01
330	1.063697e-01
331	1.040802e-01
332	1.018217e-01
333	9.959675e-02
334	9.740512e-02
335	9.524883e-02
336	9.312557e-02
337	9.103778e-02
338	8.898357e-02
339	8.696175e-02
340	8.497195e-02
341	8.301121e-02
342	8.108160e-02
343	7.918651e-02
344	7.732394e-02
345	7.549277e-02
346	7.369233e-02
347	7.192011e-02
348	7.017573e-02
349	6.846122e-02
350	6.677728e-02
351	6.512310e-02
352	6.350015e-02
353	6.190515e-02
354	6.033821e-02
355	5.879943e-02
356	5.728818e-02
357	5.580554e-02
358	5.435087e-02
359	5.292465e-02
360	5.152562e-02
361	5.015494e-02
362	4.881077e-02
363	4.749402e-02
364	4.620418e-02
365	4.494084e-02
366	4.370336e-02
367	4.249229e-02
368	4.130760e-02
369	4.014773e-02
370	3.901461e-02
371	3.790882e-02
372	3.682864e-02
373	3.577468e-02
374	3.474604e-02
375	3.374165e-02
376	3.276159e-02
377	3.180597e-02
378	3.087451e-02
379	2.996652e-02
380	2.908230e-02
381	2.822137e-02
382	2.738305e-02
383	2.656693e-02
384	2.577364e-02
385	2.500304e-02
386	2.425479e-02
387	2.352858e-02
388	2.282352e-02
389	2.213992e-02
390	2.147752e-02
391	2.083580e-02
392	2.021559e-02
393	1.961630e-02
394	1.903755e-02
395	1.847952e-02
396	1.794120e-02
397	1.742294e-02
398	1.692417e-02
399	1.644469e-02
400	1.598375e-02
401	1.554178e-02
402	1.511848e-02
403	1.471375e-02
404	1.432693e-02
405	1.395776e-02
406	1.360621e-02
407	1.327211e-02
408	1.295508e-02
409	1.265511e-02
410	1.237196e-02
411	1.210513e-02
412	1.185451e-02
413	1.161984e-02
414	1.140091e-02
415	1.119747e-02
416	1.100932e-02
417	1.083627e-02
418	1.067811e-02
419	1.053474e-02
420	1.040550e-02
421	1.029037e-02
422	1.018876e-02
423	1.010097e-02
424	1.002654e-02
425	9.965189e-03
426	9.916499e-03
427	9.880364e-03
428	9.856882e-03
429	9.845733e-03
430	9.846804e-03
431	9.859966e-03
432	9.884909e-03
433	9.921150e-03
434	9.968429e-03
435	1.002698e-02
436	1.009648e-02
437	1.017653e-02
438	1.026687e-02
439	1.036720e-02
440	1.047726e-02
441	1.059699e-02
442	1.072662e-02
443	1.086537e-02
444	1.101292e-02
445	1.116912e-02
446	1.133402e-02
447	1.150737e-02
448	1.168910e-02
449	1.187882e-02
450	1.207686e-02
451	1.228241e-02
452	1.249553e-02
453	1.271615e-02
454	1.294421e-02
455	1.317895e-02
456	1.342068e-02
457	1.366882e-02
458	1.392317e-02
459	1.418329e-02
460	1.444941e-02
461	1.472154e-02
462	1.499910e-02
463	1.528192e-02
464	1.556984e-02
465	1.586268e-02
466	1.616072e-02
467	1.646388e-02
468	1.677187e-02
469	1.708443e-02
470	1.740103e-02
471	1.772153e-02
472	1.804598e-02
473	1.837457e-02
474	1.870640e-02
475	1.904175e-02
476	1.937952e-02
477	1.972001e-02
478	2.006309e-02
479	2.040931e-02
480	2.075796e-02
481	2.110823e-02
482	2.146100e-02
483	2.181617e-02
484	2.217324e-02
485	2.253192e-02
486	2.289245e-02
487	2.325422e-02
488	2.361711e-02
489	2.398070e-02
490	2.434558e-02
491	2.471165e-02
492	2.507807e-02
493	2.544527e-02
494	2.581282e-02
495	2.618124e-02
496	2.654988e-02
497	2.691845e-02
498	2.728705e-02
499	2.765524e-02
500	2.802362e-02
501	2.839249e-02
502	2.875999e-02
503	2.912748e-02
504	2.949315e-02
505	2.985732e-02
506	3.021948e-02
507	3.058115e-02
508	3.094155e-02
509	3.130026e-02
510	3.165740e-02
511	3.201325e-02
512	3.236736e-02
513	3.271991e-02
514	3.307046e-02
515	3.341856e-02
516	3.376376e-02
517	3.410698e-02
518	3.444807e-02
519	3.478564e-02
520	3.512080e-02
521	3.545268e-02
522	3.578236e-02
523	3.610959e-02
524	3.643423e-02
525	3.675622e-02
526	3.707573e-02
527	3.739203e-02
528	3.770668e-02
529	3.801857e-02
530	3.832841e-02
531	3.863490e-02
532	3.893868e-02
533	3.923993e-02
534	3.953815e-02
535	3.983431e-02
536	4.012717e-02
537	4.041774e-02
538	4.070503e-02
539	4.098988e-02
540	4.127041e-02
541	4.154630e-02
542	4.181886e-02
543	4.208728e-02
544	4.235186e-02
545	4.261219e-02
546	4.286809e-02
547	4.312107e-02
548	4.336972e-02
549	4.361500e-02
550	4.385619e-02
551	4.409343e-02
552	4.432675e-02
553	4.455444e-02
554	4.477853e-02
555	4.499690e-02
556	4.521231e-02
557	4.542208e-02
558	4.562726e-02
559	4.582703e-02
560	4.602145e-02
561	4.621091e-02
562	4.639549e-02
563	4.657505e-02
564	4.674904e-02
565	4.691881e-02
566	4.708308e-02
567	4.724293e-02
568	4.739649e-02
569	4.754622e-02
570	4.769066e-02
571	4.783043e-02
572	4.796608e-02
573	4.809759e-02
574	4.822439e-02
575	4.834616e-02
576	4.846340e-02
577	4.857610e-02
578	4.868399e-02
579	4.878741e-02
580	4.888752e-02
581	4.898397e-02
582	4.907550e-02
583	4.916299e-02
584	4.924528e-02
585	4.932252e-02
586	4.939365e-02
587	4.946013e-02
588	4.952220e-02
589	4.957957e-02
590	4.963249e-02
591	4.968100e-02
592	4.972605e-02
593	4.976643e-02
594	4.980255e-02
595	4.983432e-02
596	4.986125e-02
597	4.988347e-02
598	4.989916e-02
599	4.991019e-02
600	4.991657e-02
601	4.991747e-02
602	4.991340e-02
603	4.990430e-02
604	4.989135e-02
605	4.987472e-02
606	4.985479e-02
607	4.983115e-02
608	4.980291e-02
609	4.977099e-02
610	4.973404e-02
611	4.969232e-02
612	4.964705e-02
613	4.959646e-02
614	4.953986e-02
615	4.947988e-02
616	4.941465e-02
617	4.934493e-02
618	4.927112e-02
619	4.919417e-02
620	4.911284e-02
621	4.902711e-02
622	4.893613e-02
623	4.883993e-02
624	4.874019e-02
625	4.863669e-02
626	4.852840e-02
627	4.841731e-02
628	4.830406e-02
629	4.818646e-02
630	4.806490e-02
631	4.793884e-02
632	4.780914e-02
633	4.767665e-02
634	4.754013e-02
635	4.739986e-02
636	4.725662e-02
637	4.710930e-02
638	4.695924e-02
639	4.680528e-02
640	4.664806e-02
641	4.648675e-02
642	4.632275e-02
643	4.615373e-02
644	4.598097e-02
645	4.580511e-02
646	4.562660e-02
647	4.544560e-02
648	4.526162e-02
649	4.507507e-02
650	4.488501e-02
651	4.469069e-02
652	4.449398e-02
653	4.429389e-02
654	4.409012e-02
655	4.388314e-02
656	4.367413e-02
657	4.346248e-02
658	4.324825e-02
659	4.303152e-02
660	4.281112e-02
661	4.258983e-02
662	4.236552e-02
663	4.213852e-02
664	4.190975e-02
665	4.167945e-02
666	4.144776e-02
667	4.121287e-02
668	4.097563e-02
669	4.073689e-02
670	4.049680e-02
671	4.025424e-02
672	4.001014e-02
673	3.976414e-02
674	3.951607e-02
675	3.926632e-02
676	3.901628e-02
677	3.876615e-02
678	3.851292e-02
679	3.825779e-02
680	3.800034e-02
681	3.774113e-02
682	3.748170e-02
683	3.722006e-02
684	3.695732e-02
685	3.669403e-02
686	3.642802e-02
687	3.616256e-02
688	3.589489e-02
689	3.562683e-02
690	3.535881e-02
691	3.509011e-02
692	3.482058e-02
693	3.455057e-02
694	3.428041e-02
695	3.400943e-02
696	3.373757e-02
697	3.346493e-02
698	3.319229e-02
699	3.292045e-02
700	3.264716e-02
701	3.237310e-02
702	3.209849e-02
703	3.182412e-02
704	3.154964e-02
705	3.127557e-02
706	3.100044e-02
707	3.072571e-02
708	3.045094e-02
709	3.017678e-02
710	2.990213e-02
711	2.962721e-02
712	2.935235e-02
713	2.907748e-02
714	2.880367e-02
715	2.853045e-02
716	2.825813e-02
717	2.798641e-02
718	2.771476e-02
719	2.744414e-02
720	2.717393e-02
721	2.690351e-02
722	2.663333e-02
723	2.636392e-02
724	2.609505e-02
725	2.582703e-02
726	2.555952e-02
727	2.529299e-02
728	2.502706e-02
729	2.476260e-02
730	2.449932e-02
731	2.423674e-02
732	2.397475e-02
733	2.371396e-02
734	2.345412e-02
735	2.319523e-02
736	2.293756e-02
737	2.268072e-02
738	2.242477e-02
739	2.217070e-02
740	2.191761e-02
741	2.166613e-02
742	2.141648e-02
743	2.116762e-02
744	2.092035e-02
745	2.067459e-02
746	2.043026e-02
747	2.018711e-02
748	1.994581e-02
749	1.970693e-02
750	1.946957e-02
751	1.923394e-02
752	1.899967e-02
753	1.876707e-02
754	1.853658e-02
755	1.830790e-02
756	1.808123e-02
757	1.785696e-02
758	1.763479e-02
759	1.741396e-02
760	1.719532e-02
761	1.697835e-02
762	1.676329e-02
763	1.655047e-02
764	1.633917e-02
765	1.612990e-02
766	1.592282e-02
767	1.571799e-02
768	1.551533e-02
769	1.531480e-02
770	1.511629e-02
771	1.492014e-02
772	1.472581e-02
773	1.453357e-02
774	1.434376e-02
775	1.415636e-02
776	1.397115e-02
777	1.378792e-02
778	1.360677e-02
779	1.342738e-02
780	1.325008e-02
781	1.307511e-02
782	1.290235e-02
783	1.273204e-02
784	1.256354e-02
785	1.239732e-02
786	1.223324e-02
787	1.207141e-02
788	1.191187e-02
789	1.175441e-02
790	1.159931e-02
791	1.144689e-02
792	1.129693e-02
793	1.114933e-02
794	1.100403e-02
795	1.086103e-02
796	1.072055e-02
797	1.058257e-02
798	1.044701e-02
799	1.031395e-02
800	1.018347e-02
801	1.005543e-02
802	9.929859e-03
803	9.806424e-03
804	9.685005e-03
805	9.565911e-03
806	9.448949e-03
807	9.334509e-03
808	9.222489e-03
809	9.112673e-03
810	9.004920e-03
811	8.899390e-03
812	8.796340e-03
813	8.695882e-03
814	8.597572e-03
815	8.501529e-03
816	8.407886e-03
817	8.316599e-03
818	8.227509e-03
819	8.140947e-03
820	8.056524e-03
821	7.974184e-03
822	7.894232e-03
823	7.816685e-03
824	7.741294e-03
825	7.668304e-03
826	7.597663e-03
827	7.529282e-03
828	7.463093e-03
829	7.399161e-03
830	7.337519e-03
831	7.278169e-03
832	7.220882e-03
833	7.165615e-03
834	7.112665e-03
835	7.062013e-03
836	7.013579e-03
837	6.967204e-03
838	6.922906e-03
839	6.880702e-03
840	6.840498e-03
841	6.802264e-03
842	6.766004e-03
843	6.731469e-03
844	6.699054e-03
845	6.668739e-03
846	6.640669e-03
847	6.614553e-03
848	6.590363e-03
849	6.568216e-03
850	6.548086e-03
851	6.529946e-03
852	6.513527e-03
853	6.499095e-03
854	6.486552e-03
855	6.475893e-03
856	6.466910e-03
857	6.459691e-03
858	6.454095e-03
859	6.450282e-03
860	6.448366e-03
861	6.447948e-03
862	6.449218e-03
863	6.452343e-03
864	6.457068e-03
865	6.463480e-03
866	6.471572e-03
867	6.481236e-03
868	6.492519e-03
869	6.505557e-03
870	6.520103e-03
871	6.536159e-03
872	6.553600e-03
873	6.572279e-03
874	6.592162e-03
875	6.613562e-03
876	6.636485e-03
877	6.660844e-03
878	6.686410e-03
879	6.713303e-03
880	6.741571e-03
881	6.771276e-03
882	6.802328e-03
883	6.834706e-03
884	6.868251e-03
885	6.903018e-03
886	6.938796e-03
887	6.975743e-03
888	7.013774e-03
889	7.052893e-03
890	7.093015e-03
891	7.134129e-03
892	7.176136e-03
893	7.219008e-03
894	7.262856e-03
895	7.307758e-03
896	7.353341e-03
897	7.399637e-03
898	7.446781e-03
899	7.494538e-03
900	7.543226e-03
901	7.592649e-03
902	7.642540e-03
903	7.692960e-03
904	7.744153e-03
905	7.796077e-03
906	7.848802e-03
907	7.902311e-03
908	7.956406e-03
909	8.011205e-03
910	8.066689e-03
911	8.122660e-03
912	8.179215e-03
913	8.236259e-03
914	8.293851e-03
915	8.351957e-03
916	8.410657e-03
917	8.469903e-03
918	8.529575e-03
919	8.589782e-03
920	8.650386e-03
921	8.711583e-03
922	8.772987e-03
923	8.834860e-03
924	8.897123e-03
925	8.959303e-03
926	9.021835e-03
927	9.084445e-03
928	9.147163e-03
929	9.210246e-03
930	9.273771e-03
931	9.337487e-03
932	9.401248e-03
933	9.465221e-03
934	9.529228e-03
935	9.593355e-03
936	9.657451e-03
937	9.721621e-03
938	9.786132e-03
939	9.850935e-03
940	9.915690e-03
941	9.980417e-03
942	1.004548e-02
943	1.011051e-02
944	1.017528e-02
945	1.024014e-02
946	1.030482e-02
947	1.036921e-02
948	1.043345e-02
949	1.049770e-02
950	1.056167e-02
951	1.062527e-02
952	1.068864e-02
953	1.075157e-02
954	1.081419e-02
955	1.087677e-02
956	1.093914e-02
957	1.100131e-02
958	1.106321e-02
959	1.112476e-02
960	1.118586e-02
961	1.124686e-02
962	1.130716e-02
963	1.136688e-02
964	1.142606e-02
965	1.148495e-02
966	1.154336e-02
967	1.160123e-02
968	1.165862e-02
969	1.171568e-02
970	1.177181e-02
971	1.182720e-02
972	1.188209e-02
973	1.193658e-02
974	1.199022e-02
975	1.204298e-02
976	1.209518e-02
977	1.214698e-02
978	1.219801e-02
979	1.224853e-02
980	1.229832e-02
981	1.234738e-02
982	1.239589e-02
983	1.244379e-02
984	1.249091e-02
985	1.253713e-02
986	1.258285e-02
987	1.262754e-02
988	1.267102e-02
989	1.271408e-02
990	1.275605e-02
991	1.279746e-02
992	1.283806e-02
993	1.287799e-02
994	1.291717e-02
995	1.295569e-02
996	1.299346e-02
997	1.303080e-02
998	1.306717e-02
999	1.310310e-02
1000	1.313814e-02
