1	0.000000e+00
2	1.997910e+00
3	1.995803e+00
4	1.993683e+00
5	1.991483e+00
6	1.989280e+00
7	1.987038e+00
8	1.984758e+00
9	1.982437e+00
10	1.980088e+00
11	1.977674e+00
12	1.975205e+00
13	1.972721e+00
14	1.970203e+00
15	1.967592e+00
16	1.964918e+00
17	1.962207e+00
18	1.959464e+00
19	1.956738e+00
20	1.953940e+00
21	1.951053e+00
22	1.948127e+00
23	1.945124e+00
24	1.942089e+00
25	1.939011e+00
26	1.935859e+00
27	1.932715e+00
28	1.929515e+00
29	1.926279e+00
30	1.922950e+00
31	1.919607e+00
32	1.916186e+00
33	1.912824e+00
34	1.909470e+00
35	1.906123e+00
36	1.902801e+00
37	1.899435e+00
38	1.896135e+00
39	1.892776e+00
40	1.889367e+00
41	1.885899e+00
42	1.882420e+00
43	1.878914e+00
44	1.875327e+00
45	1.871752e+00
46	1.868053e+00
47	1.864321e+00
48	1.860579e+00
49	1.856838e+00
50	1.853003e+00
51	1.849099e+00
52	1.845188e+00
53	1.841202e+00
54	1.837208e+00
55	1.833253e+00
56	1.829266e+00
57	1.825184e+00
58	1.821111e+00
59	1.816970e+00
60	1.812785e+00
61	1.808549e+00
62	1.804276e+00
63	1.799965e+00
64	1.795637e+00
65	1.791279e+00
66	1.786877e+00
67	1.782559e+00
68	1.778232e+00
69	1.773865e+00
70	1.769557e+00
71	1.765219e+00
72	1.760854e+00
73	1.756388e+00
74	1.751880e+00
75	1.747358e+00
76	1.742820e+00
77	1.738281e+00
78	1.733643e+00
79	1.729017e+00
80	1.724383e+00
81	1.719734e+00
82	1.715079e+00
83	1.710422e+00
84	1.705783e+00
85	1.701117e+00
86	1.696420e+00
87	1.691624e+00
88	1.686759e+00
89	1.681880e+00
90	1.677054e+00
91	1.672285e+00
92	1.667579e+00
93	1.662820e+00
94	1.657992e+00
95	1.653165e+00
96	1.648285e+00
97	1.643405e+00
98	1.638595e+00
99	1.633758e+00
100	1.628918e+00
101	1.624062e+00
102	1.619190e+00
103	1.614317e+00
104	1.609494e+00
105	1.604643e+00
106	1.599789e+00
107	1.594873e+00
108	1.589971e+00
109	1.585061e+00
110	1.580195e+00
111	1.575277e+00
112	1.570337e+00
113	1.565351e+00
114	1.560282e+00
115	1.555279e+00
116	1.550269e+00
117	1.545210e+00
118	1.540093e+00
119	1.534933e+00
120	1.529779e+00
121	1.524647e+00
122	1.519543e+00
123	1.514479e+00
124	1.509399e+00
125	1.504302e+00
126	1.499199e+00
127	1.494082e+00
128	1.488916e+00
129	1.483760e+00
130	1.478595e+00
131	1.473389e+00
132	1.468129e+00
133	1.462835e+00
134	1.457542e+00
135	1.452309e+00
136	1.447067e+00
137	1.441828e+00
138	1.436602e+00
139	1.431371e+00
140	1.426165e+00
141	1.420910e+00
142	1.415694e+00
143	1.410456e+00
144	1.405175e+00
145	1.399843e+00
146	1.394519e+00
147	1.389193e+00
148	1.383861e+00
149	1.378493e+00
150	1.373149e+00
151	1.367788e+00
152	1.362433e+00
153	1.357114e+00
154	1.351765e+00
155	1.346396e+00
156	1.341032e+00
157	1.335586e+00
158	1.330177e+00
159	1.324726e+00
160	1.319227e+00
161	1.313756e+00
162	1.308278e+00
163	1.302778e+00
164	1.297295e+00
165	1.291764e+00
166	1.286249e+00
167	1.280745e+00
168	1.275222e+00
169	1.269654e+00
170	1.264072e+00
171	1.258436e+00
172	1.252746e+00
173	1.247047e+00
174	1.241313e+00
175	1.235543e+00
176	1.229789e+00
177	1.224057e+00
178	1.218345e+00
179	1.212600e+00
180	1.206840e+00
181	1.201095e+00
182	1.195348e+00
183	1.189568e+00
184	1.183757e+00
185	1.177925e+00
186	1.172136e+00
187	1.166379e+00
188	1.160619e+00
189	1.154799e+00
190	1.148956e+00
191	1.143103e+00
192	1.137205e+00
193	1.131300e+00
194	1.125417e+00
195	1.119506e+00
196	1.113600e+00
197	1.107678e+00
198	1.101698e+00
199	1.095745e+00
200	1.089748e+00
201	1.083748e+00
202	1.077750e+00
203	1.071751e+00
204	1.065738e+00
205	1.059727e+00
206	1.053704e+00
207	1.047662e+00
208	1.041636e+00
209	1.035593e+00
210	1.029537e+00
211	1.023482e+00
212	1.017426e+00
213	1.011340e+00
214	1.005273e+00
215	9.992394e-01
216	9.932340e-01
217	9.872637e-01
218	9.812849e-01
219	9.752917e-01
220	9.693021e-01
221	9.633656e-01
222	9.574532e-01
223	9.515457e-01
224	9.456483e-01
225	9.397766e-01
226	9.339464e-01
227	9.281660e-01
228	9.224413e-01
229	9.167351e-01
230	9.110511e-01
231	9.053732e-01
232	8.997186e-01
233	8.940557e-01
234	8.884144e-01
235	8.827834e-01
236	8.771440e-01
237	8.715297e-01
238	8.658999e-01
239	8.603065e-01
240	8.547255e-01
241	8.491557e-01
242	8.436450e-01
243	8.381137e-01
244	8.325999e-01
245	8.271194e-01
246	8.216701e-01
247	8.162536e-01
248	8.108455e-01
249	8.054526e-01
250	8.000780e-01
251	7.947178e-01
252	7.893631e-01
253	7.840305e-01
254	7.787188e-01
255	7.733961e-01
256	7.681163e-01
257	7.628396e-01
258	7.575818e-01
259	7.523278e-01
260	7.470790e-01
261	7.418442e-01
262	7.366287e-01
263	7.313993e-01
264	7.261482e-01
265	7.209398e-01
266	7.157348e-01
267	7.105457e-01
268	7.053428e-01
269	7.001856e-01
270	6.950443e-01
271	6.899248e-01
272	6.848332e-01
273	6.797815e-01
274	6.747515e-01
275	6.697303e-01
276	6.647391e-01
277	6.597858e-01
278	6.548539e-01
279	6.499661e-01
280	6.451006e-01
281	6.402287e-01
282	6.353644e-01
283	6.305322e-01
284	6.257310e-01
285	6.209472e-01
286	6.161975e-01
287	6.114696e-01
288	6.067723e-01
289	6.021002e-01
290	5.974487e-01
291	5.927971e-01
292	5.881668e-01
293	5.835450e-01
294	5.789406e-01
295	5.743645e-01
296	5.698021e-01
297	5.652746e-01
298	5.607677e-01
299	5.562891e-01
300	5.518312e-01
301	5.473988e-01
302	5.430024e-01
303	5.386571e-01
304	5.343308e-01
305	5.300176e-01
306	5.257265e-01
307	5.214563e-01
308	5.172035e-01
309	5.129626e-01
310	5.087604e-01
311	5.045912e-01
312	5.004488e-01
313	4.963158e-01
314	4.922115e-01
315	4.881399e-01
316	4.840912e-01
317	4.800662e-01
318	4.760542e-01
319	4.720650e-01
320	4.681014e-01
321	4.641510e-01
322	4.602062e-01
323	4.562906e-01
324	4.523938e-01
325	4.485067e-01
326	4.446231e-01
327	4.407514e-01
328	4.368903e-01
329	4.330343e-01
330	4.291788e-01
331	4.253433e-01
332	4.215316e-01
333	4.177360e-01
334	4.139547e-01
335	4.101816e-01
336	4.064371e-01
337	4.026985e-01
338	3.990009e-01
339	3.953266e-01
340	3.916697e-01
341	3.880156e-01
342	3.843751e-01
343	3.807643e-01
344	3.771651e-01
345	3.735886e-01
346	3.700404e-01
347	3.664922e-01
348	3.629544e-01
349	3.594444e-01
350	3.559520e-01
351	3.524627e-01
352	3.490016e-01
353	3.455610e-01
354	3.421436e-01
355	3.387289e-01
356	3.353368e-01
357	3.319612e-01
358	3.286090e-01
359	3.252632e-01
360	3.219348e-01
361	3.186138e-01
362	3.153112e-01
363	3.120321e-01
364	3.087780e-01
365	3.055387e-01
366	3.023192e-01
367	2.991176e-01
368	2.959336e-01
369	2.927624e-01
370	2.896240e-01
371	2.865053e-01
372	2.834102e-01
373	2.803212e-01
374	2.772601e-01
375	2.742144e-01
376	2.711930e-01
377	2.681916e-01
378	2.652183e-01
379	2.622691e-01
380	2.593482e-01
381	2.564472e-01
382	2.535684e-01
383	2.507041e-01
384	2.478496e-01
385	2.450260e-01
386	2.422198e-01
387	2.394387e-01
388	2.366657e-01
389	2.339113e-01
390	2.311793e-01
391	2.284587e-01
392	2.257588e-01
393	2.230771e-01
394	2.204134e-01
395	2.177700e-01
396	2.151548e-01
397	2.125556e-01
398	2.099840e-01
399	2.074285e-01
400	2.048859e-01
401	2.023555e-01
402	1.998346e-01
403	1.973328e-01
404	1.948602e-01
405	1.924141e-01
406	1.899856e-01
407	1.875760e-01
408	1.851857e-01
409	1.828152e-01
410	1.804575e-01
411	1.781131e-01
412	1.757871e-01
413	1.734851e-01
414	1.712035e-01
415	1.689437e-01
416	1.667063e-01
417	1.644897e-01
418	1.622921e-01
419	1.601123e-01
420	1.579504e-01
421	1.558089e-01
422	1.536823e-01
423	1.515680e-01
424	1.494735e-01
425	1.474051e-01
426	1.453571e-01
427	1.433230e-01
428	1.413109e-01
429	1.393124e-01
430	1.373366e-01
431	1.353779e-01
432	1.334407e-01
433	1.315178e-01
434	1.296142e-01
435	1.277282e-01
436	1.258558e-01
437	1.239999e-01
438	1.221689e-01
439	1.203540e-01
440	1.185540e-01
441	1.167733e-01
442	1.150111e-01
443	1.132671e-01
444	1.115415e-01
445	1.098337e-01
446	1.081429e-01
447	1.064714e-01
448	1.048183e-01
449	1.031793e-01
450	1.015579e-01
451	9.995810e-02
452	9.838037e-02
453	9.681876e-02
454	9.527634e-02
455	9.374887e-02
456	9.223606e-02
457	9.073896e-02
458	8.925507e-02
459	8.778595e-02
460	8.633072e-02
461	8.489478e-02
462	8.347707e-02
463	8.207745e-02
464	8.069534e-02
465	7.932989e-02
466	7.797987e-02
467	7.664866e-02
468	7.532981e-02
469	7.402771e-02
470	7.273978e-02
471	7.147012e-02
472	7.021701e-02
473	6.898165e-02
474	6.775973e-02
475	6.655326e-02
476	6.536372e-02
477	6.419204e-02
478	6.303637e-02
479	6.189452e-02
480	6.076635e-02
481	5.965352e-02
482	5.855872e-02
483	5.747658e-02
484	5.640710e-02
485	5.535347e-02
486	5.431561e-02
487	5.329233e-02
488	5.228287e-02
489	5.128695e-02
490	5.030542e-02
491	4.933646e-02
492	4.837983e-02
493	4.743784e-02
494	4.650841e-02
495	4.559276e-02
496	4.469008e-02
497	4.380021e-02
498	4.292489e-02
499	4.206237e-02
500	4.121498e-02
501	4.038029e-02
502	3.955978e-02
503	3.875216e-02
504	3.795823e-02
505	3.717861e-02
506	3.641298e-02
507	3.565906e-02
508	3.491747e-02
509	3.418844e-02
510	3.347288e-02
511	3.276935e-02
512	3.207899e-02
513	3.139972e-02
514	3.073336e-02
515	3.008006e-02
516	2.943952e-02
517	2.881189e-02
518	2.819622e-02
519	2.759317e-02
520	2.700307e-02
521	2.642300e-02
522	2.585386e-02
523	2.529585e-02
524	2.474912e-02
525	2.421353e-02
526	2.368800e-02
527	2.317352e-02
528	2.267097e-02
529	2.217874e-02
530	2.169619e-02
531	2.122417e-02
532	2.076335e-02
533	2.031359e-02
534	1.987421e-02
535	1.944446e-02
536	1.902526e-02
537	1.861690e-02
538	1.821777e-02
539	1.782794e-02
540	1.744804e-02
541	1.707804e-02
542	1.671782e-02
543	1.636702e-02
544	1.602585e-02
545	1.569404e-02
546	1.537114e-02
547	1.505704e-02
548	1.475215e-02
549	1.445664e-02
550	1.417095e-02
551	1.389471e-02
552	1.362705e-02
553	1.336853e-02
554	1.311907e-02
555	1.287850e-02
556	1.264711e-02
557	1.242451e-02
558	1.221017e-02
559	1.200409e-02
560	1.180659e-02
561	1.161730e-02
562	1.143596e-02
563	1.126286e-02
564	1.109749e-02
565	1.094043e-02
566	1.079075e-02
567	1.064865e-02
568	1.051452e-02
569	1.038841e-02
570	1.026960e-02
571	1.015793e-02
572	1.005354e-02
573	9.955959e-03
574	9.865592e-03
575	9.782734e-03
576	9.706499e-03
577	9.637220e-03
578	9.574764e-03
579	9.519199e-03
580	9.469843e-03
581	9.426912e-03
582	9.390235e-03
583	9.359638e-03
584	9.335106e-03
585	9.316803e-03
586	9.304279e-03
587	9.297695e-03
588	9.297091e-03
589	9.302361e-03
590	9.313474e-03
591	9.330407e-03
592	9.352728e-03
593	9.380855e-03
594	9.414911e-03
595	9.454176e-03
596	9.498717e-03
597	9.548608e-03
598	9.603965e-03
599	9.664187e-03
600	9.729287e-03
601	9.799429e-03
602	9.874445e-03
603	9.954391e-03
604	1.003888e-02
605	1.012832e-02
606	1.022268e-02
607	1.032125e-02
608	1.042379e-02
609	1.053082e-02
610	1.064179e-02
611	1.075660e-02
612	1.087581e-02
613	1.099841e-02
614	1.112516e-02
615	1.125618e-02
616	1.139087e-02
617	1.152889e-02
618	1.167078e-02
619	1.181648e-02
620	1.196591e-02
621	1.211864e-02
622	1.227504e-02
623	1.243447e-02
624	1.259730e-02
625	1.276313e-02
626	1.293171e-02
627	1.310329e-02
628	1.327803e-02
629	1.345611e-02
630	1.363731e-02
631	1.382177e-02
632	1.400865e-02
633	1.419888e-02
634	1.439216e-02
635	1.458746e-02
636	1.478533e-02
637	1.498560e-02
638	1.518822e-02
639	1.539299e-02
640	1.560016e-02
641	1.581032e-02
642	1.602282e-02
643	1.623793e-02
644	1.645500e-02
645	1.667432e-02
646	1.689474e-02
647	1.711717e-02
648	1.734087e-02
649	1.756583e-02
650	1.779243e-02
651	1.802150e-02
652	1.825190e-02
653	1.848345e-02
654	1.871563e-02
655	1.894838e-02
656	1.918237e-02
657	1.941736e-02
658	1.965370e-02
659	1.989068e-02
660	2.012843e-02
661	2.036770e-02
662	2.060787e-02
663	2.084970e-02
664	2.109208e-02
665	2.133466e-02
666	2.157766e-02
667	2.182243e-02
668	2.206866e-02
669	2.231484e-02
670	2.256154e-02
671	2.280783e-02
672	2.305433e-02
673	2.330119e-02
674	2.354920e-02
675	2.379654e-02
676	2.404320e-02
677	2.428936e-02
678	2.453531e-02
679	2.478080e-02
680	2.502628e-02
681	2.527185e-02
682	2.551752e-02
683	2.576284e-02
684	2.600861e-02
685	2.625346e-02
686	2.649777e-02
687	2.674158e-02
688	2.698542e-02
689	2.722867e-02
690	2.747187e-02
691	2.771419e-02
692	2.795548e-02
693	2.819593e-02
694	2.843629e-02
695	2.867648e-02
696	2.891684e-02
697	2.915515e-02
698	2.939254e-02
699	2.962980e-02
700	2.986522e-02
701	3.009965e-02
702	3.033322e-02
703	3.056679e-02
704	3.080055e-02
705	3.103298e-02
706	3.126341e-02
707	3.149185e-02
708	3.171873e-02
709	3.194505e-02
710	3.217135e-02
711	3.239682e-02
712	3.262052e-02
713	3.284302e-02
714	3.306611e-02
715	3.328691e-02
716	3.350501e-02
717	3.372222e-02
718	3.393789e-02
719	3.415229e-02
720	3.436519e-02
721	3.457796e-02
722	3.478950e-02
723	3.499943e-02
724	3.520710e-02
725	3.541107e-02
726	3.561377e-02
727	3.581555e-02
728	3.601510e-02
729	3.621320e-02
730	3.641013e-02
731	3.660636e-02
732	3.680060e-02
733	3.699337e-02
734	3.718354e-02
735	3.737082e-02
736	3.755626e-02
737	3.773942e-02
738	3.792099e-02
739	3.809963e-02
740	3.827624e-02
741	3.845118e-02
742	3.862362e-02
743	3.879473e-02
744	3.896472e-02
745	3.913392e-02
746	3.929926e-02
747	3.946035e-02
748	3.961891e-02
749	3.977543e-02
750	3.993100e-02
751	4.008334e-02
752	4.023515e-02
753	4.038603e-02
754	4.053511e-02
755	4.068162e-02
756	4.082656e-02
757	4.097003e-02
758	4.111057e-02
759	4.124978e-02
760	4.138584e-02
761	4.151975e-02
762	4.165107e-02
763	4.178006e-02
764	4.190691e-02
765	4.203296e-02
766	4.215627e-02
767	4.227580e-02
768	4.239456e-02
769	4.251162e-02
770	4.262530e-02
771	4.273439e-02
772	4.284064e-02
773	4.294461e-02
774	4.304602e-02
775	4.314526e-02
776	4.324334e-02
777	4.333661e-02
778	4.342703e-02
779	4.351604e-02
780	4.360041e-02
781	4.368262e-02
782	4.376016e-02
783	4.383428e-02
784	4.390584e-02
785	4.397667e-02
786	4.404508e-02
787	4.411164e-02
788	4.417563e-02
789	4.423554e-02
790	4.429492e-02
791	4.435247e-02
792	4.440720e-02
793	4.445904e-02
794	4.450802e-02
795	4.455458e-02
796	4.459980e-02
797	4.464057e-02
798	4.467863e-02
799	4.471257e-02
800	4.474563e-02
801	4.477624e-02
802	4.480412e-02
803	4.482853e-02
804	4.485064e-02
805	4.486909e-02
806	4.488473e-02
807	4.489791e-02
808	4.490833e-02
809	4.491866e-02
810	4.492842e-02
811	4.493733e-02
812	4.494512e-02
813	4.495100e-02
814	4.495547e-02
815	4.495641e-02
816	4.495602e-02
817	4.495382e-02
818	4.495015e-02
819	4.494380e-02
820	4.493631e-02
821	4.492532e-02
822	4.491231e-02
823	4.489691e-02
824	4.488008e-02
825	4.486081e-02
826	4.483851e-02
827	4.481402e-02
828	4.478767e-02
829	4.475826e-02
830	4.472573e-02
831	4.468913e-02
832	4.464903e-02
833	4.460658e-02
834	4.456304e-02
835	4.451449e-02
836	4.446402e-02
837	4.441045e-02
838	4.435506e-02
839	4.429718e-02
840	4.423683e-02
841	4.417394e-02
842	4.410931e-02
843	4.404208e-02
844	4.397256e-02
845	4.390128e-02
846	4.382971e-02
847	4.375666e-02
848	4.368212e-02
849	4.360477e-02
850	4.352632e-02
851	4.344739e-02
852	4.336648e-02
853	4.328478e-02
854	4.320413e-02
855	4.312350e-02
856	4.304183e-02
857	4.295826e-02
858	4.287251e-02
859	4.278440e-02
860	4.269553e-02
861	4.260388e-02
862	4.251172e-02
863	4.241739e-02
864	4.232161e-02
865	4.222392e-02
866	4.212539e-02
867	4.202495e-02
868	4.192277e-02
869	4.181944e-02
870	4.171495e-02
871	4.160815e-02
872	4.150081e-02
873	4.139130e-02
874	4.127887e-02
875	4.116359e-02
876	4.104617e-02
877	4.092718e-02
878	4.080714e-02
879	4.068536e-02
880	4.056322e-02
881	4.043956e-02
882	4.031366e-02
883	4.018462e-02
884	4.005404e-02
885	3.992197e-02
886	3.978882e-02
887	3.965318e-02
888	3.951553e-02
889	3.937693e-02
890	3.923811e-02
891	3.909814e-02
892	3.895731e-02
893	3.881669e-02
894	3.867335e-02
895	3.852955e-02
896	3.838506e-02
897	3.824022e-02
898	3.809527e-02
899	3.794867e-02
900	3.780200e-02
901	3.765461e-02
902	3.750561e-02
903	3.735455e-02
904	3.720231e-02
905	3.704878e-02
906	3.689357e-02
907	3.673902e-02
908	3.658278e-02
909	3.642518e-02
910	3.626476e-02
911	3.610349e-02
912	3.594101e-02
913	3.577717e-02
914	3.561421e-02
915	3.545111e-02
916	3.528662e-02
917	3.512034e-02
918	3.495288e-02
919	3.478493e-02
920	3.461605e-02
921	3.444571e-02
922	3.427444e-02
923	3.410048e-02
924	3.392558e-02
925	3.374966e-02
926	3.357225e-02
927	3.339316e-02
928	3.321343e-02
929	3.303171e-02
930	3.284864e-02
931	3.266473e-02
932	3.248000e-02
933	3.229472e-02
934	3.211083e-02
935	3.192665e-02
936	3.174181e-02
937	3.155918e-02
938	3.137601e-02
939	3.119372e-02
940	3.101165e-02
941	3.082977e-02
942	3.064690e-02
943	3.046421e-02
944	3.028102e-02
945	3.009757e-02
946	2.991461e-02
947	2.973142e-02
948	2.954676e-02
949	2.936148e-02
950	2.917525e-02
951	2.898815e-02
952	2.880072e-02
953	2.861347e-02
954	2.842705e-02
955	2.823962e-02
956	2.805332e-02
957	2.786637e-02
958	2.767952e-02
959	2.749143e-02
960	2.730300e-02
961	2.711377e-02
962	2.692477e-02
963	2.673595e-02
964	2.654681e-02
965	2.635838e-02
966	2.617065e-02
967	2.598408e-02
968	2.579724e-02
969	2.561036e-02
970	2.542354e-02
971	2.523620e-02
972	2.505022e-02
973	2.486435e-02
974	2.467863e-02
975	2.449372e-02
976	2.431029e-02
977	2.412689e-02
978	2.394379e-02
979	2.376112e-02
980	2.357836e-02
981	2.339678e-02
982	2.321593e-02
983	2.303563e-02
984	2.285655e-02
985	2.267745e-02
986	2.249784e-02
987	2.231900e-02
988	2.214129e-02
989	2.196414e-02
990	2.178665e-02
991	2.160958e-02
992	2.143371e-02
993	2.125785e-02
994	2.108289e-02
995	2.090836e-02
996	2.073478e-02
997	2.056115e-02
998	2.038862e-02
999	2.021632e-02
1000	2.004467e-02
