1	0.000000e+00
2	1.998609e+00
3	1.997211e+00
4	1.995774e+00
5	1.994327e+00
6	1.992830e+00
7	1.991338e+00
8	1.989877e+00
9	1.988347e+00
10	1.986819e+00
11	1.985272e+00
12	1.983697e+00
13	1.982115e+00
14	1.980561e+00
15	1.979013e+00
16	1.977401e+00
17	1.975813e+00
18	1.974191e+00
19	1.972562e+00
20	1.970873e+00
21	1.969118e+00
22	1.967330e+00
23	1.965542e+00
24	1.963772e+00
25	1.962018e+00
26	1.960309e+00
27	1.958637e+00
28	1.956916e+00
29	1.955175e+00
30	1.953405e+00
31	1.951634e+00
32	1.949813e+00
33	1.947916e+00
34	1.945989e+00
35	1.944057e+00
36	1.942117e+00
37	1.940156e+00
38	1.938175e+00
39	1.936201e+00
40	1.934154e+00
41	1.932124e+00
42	1.930146e+00
43	1.928112e+00
44	1.926034e+00
45	1.923948e+00
46	1.921749e+00
47	1.919554e+00
48	1.917347e+00
49	1.915157e+00
50	1.912926e+00
51	1.910692e+00
52	1.908478e+00
53	1.906188e+00
54	1.903830e+00
55	1.901526e+00
56	1.899235e+00
57	1.896923e+00
58	1.894502e+00
59	1.892091e+00
60	1.889635e+00
61	1.887181e+00
62	1.884743e+00
63	1.882296e+00
64	1.879815e+00
65	1.877363e+00
66	1.874926e+00
67	1.872481e+00
68	1.869998e+00
69	1.867538e+00
70	1.865080e+00
71	1.862604e+00
72	1.860093e+00
73	1.857643e+00
74	1.855204e+00
75	1.852809e+00
76	1.850367e+00
77	1.847891e+00
78	1.845346e+00
79	1.842806e+00
80	1.840251e+00
81	1.837703e+00
82	1.835171e+00
83	1.832619e+00
84	1.830047e+00
85	1.827463e+00
86	1.824848e+00
87	1.822279e+00
88	1.819714e+00
89	1.817140e+00
90	1.814578e+00
91	1.811970e+00
92	1.809341e+00
93	1.806703e+00
94	1.804016e+00
95	1.801366e+00
96	1.798672e+00
97	1.795899e+00
98	1.793123e+00
99	1.790305e+00
100	1.787511e+00
101	1.784721e+00
102	1.781957e+00
103	1.779166e+00
104	1.776334e+00
105	1.773527e+00
106	1.770747e+00
107	1.767937e+00
108	1.765094e+00
109	1.762302e+00
110	1.759498e+00
111	1.756726e+00
112	1.753955e+00
113	1.751227e+00
114	1.748516e+00
115	1.745750e+00
116	1.742967e+00
117	1.740146e+00
118	1.737263e+00
119	1.734301e+00
120	1.731336e+00
121	1.728375e+00
122	1.725438e+00
123	1.722455e+00
124	1.719454e+00
125	1.716427e+00
126	1.713403e+00
127	1.710384e+00
128	1.707354e+00
129	1.704366e+00
130	1.701416e+00
131	1.698380e+00
132	1.695398e+00
133	1.692464e+00
134	1.689539e+00
135	1.686656e+00
136	1.683804e+00
137	1.680900e+00
138	1.678038e+00
139	1.675180e+00
140	1.672277e+00
141	1.669319e+00
142	1.666380e+00
143	1.663450e+00
144	1.660529e+00
145	1.657615e+00
146	1.654642e+00
147	1.651615e+00
148	1.648552e+00
149	1.645468e+00
150	1.642379e+00
151	1.639277e+00
152	1.636116e+00
153	1.632974e+00
154	1.629817e+00
155	1.626576e+00
156	1.623304e+00
157	1.619998e+00
158	1.616701e+00
159	1.613450e+00
160	1.610176e+00
161	1.606901e+00
162	1.603564e+00
163	1.600193e+00
164	1.596845e+00
165	1.593462e+00
166	1.590065e+00
167	1.586680e+00
168	1.583313e+00
169	1.580001e+00
170	1.576683e+00
171	1.573406e+00
172	1.570114e+00
173	1.566761e+00
174	1.563393e+00
175	1.560062e+00
176	1.556752e+00
177	1.553434e+00
178	1.550093e+00
179	1.546734e+00
180	1.543376e+00
181	1.539992e+00
182	1.536554e+00
183	1.533110e+00
184	1.529652e+00
185	1.526236e+00
186	1.522843e+00
187	1.519480e+00
188	1.516115e+00
189	1.512742e+00
190	1.509388e+00
191	1.506037e+00
192	1.502691e+00
193	1.499362e+00
194	1.495993e+00
195	1.492610e+00
196	1.489226e+00
197	1.485827e+00
198	1.482413e+00
199	1.479011e+00
200	1.475656e+00
201	1.472278e+00
202	1.468938e+00
203	1.465561e+00
204	1.462155e+00
205	1.458738e+00
206	1.455275e+00
207	1.451812e+00
208	1.448371e+00
209	1.444922e+00
210	1.441510e+00
211	1.438138e+00
212	1.434749e+00
213	1.431361e+00
214	1.427952e+00
215	1.424573e+00
216	1.421246e+00
217	1.417856e+00
218	1.414429e+00
219	1.411021e+00
220	1.407664e+00
221	1.404333e+00
222	1.401013e+00
223	1.397659e+00
224	1.394307e+00
225	1.390917e+00
226	1.387485e+00
227	1.384073e+00
228	1.380661e+00
229	1.377235e+00
230	1.373769e+00
231	1.370309e+00
232	1.366791e+00
233	1.363226e+00
234	1.359630e+00
235	1.356037e+00
236	1.352394e+00
237	1.348773e+00
238	1.345169e+00
239	1.341591e+00
240	1.337988e+00
241	1.334415e+00
242	1.330880e+00
243	1.327298e+00
244	1.323720e+00
245	1.320138e+00
246	1.316531e+00
247	1.312935e+00
248	1.309360e+00
249	1.305758e+00
250	1.302172e+00
251	1.298619e+00
252	1.295023e+00
253	1.291411e+00
254	1.287770e+00
255	1.284152e+00
256	1.280525e+00
257	1.276873e+00
258	1.273267e+00
259	1.269646e+00
260	1.266020e+00
261	1.262383e+00
262	1.258728e+00
263	1.255052e+00
264	1.251394e+00
265	1.247787e+00
266	1.244224e+00
267	1.240623e+00
268	1.237020e+00
269	1.233428e+00
270	1.229848e+00
271	1.226277e+00
272	1.222714e+00
273	1.219159e+00
274	1.215617e+00
275	1.212055e+00
276	1.208543e+00
277	1.205057e+00
278	1.201579e+00
279	1.198045e+00
280	1.194493e+00
281	1.190935e+00
282	1.187355e+00
283	1.183787e+00
284	1.180197e+00
285	1.176566e+00
286	1.172949e+00
287	1.169353e+00
288	1.165743e+00
289	1.162100e+00
290	1.158459e+00
291	1.154819e+00
292	1.151143e+00
293	1.147488e+00
294	1.143820e+00
295	1.140160e+00
296	1.136535e+00
297	1.132906e+00
298	1.129298e+00
299	1.125723e+00
300	1.122145e+00
301	1.118553e+00
302	1.114946e+00
303	1.111364e+00
304	1.107808e+00
305	1.104252e+00
306	1.100712e+00
307	1.097137e+00
308	1.093550e+00
309	1.089956e+00
310	1.086357e+00
311	1.082810e+00
312	1.079226e+00
313	1.075649e+00
314	1.072073e+00
315	1.068518e+00
316	1.064932e+00
317	1.061362e+00
318	1.057778e+00
319	1.054211e+00
320	1.050638e+00
321	1.047052e+00
322	1.043479e+00
323	1.039931e+00
324	1.036385e+00
325	1.032843e+00
326	1.029304e+00
327	1.025795e+00
328	1.022296e+00
329	1.018782e+00
330	1.015243e+00
331	1.011691e+00
332	1.008150e+00
333	1.004578e+00
334	1.000982e+00
335	9.973788e-01
336	9.937879e-01
337	9.902062e-01
338	9.866056e-01
339	9.830207e-01
340	9.794072e-01
341	9.758009e-01
342	9.721894e-01
343	9.685653e-01
344	9.649640e-01
345	9.613732e-01
346	9.577710e-01
347	9.541525e-01
348	9.505558e-01
349	9.469289e-01
350	9.433085e-01
351	9.396817e-01
352	9.360556e-01
353	9.324467e-01
354	9.288575e-01
355	9.252668e-01
356	9.216699e-01
357	9.180756e-01
358	9.144864e-01
359	9.109191e-01
360	9.073900e-01
361	9.038799e-01
362	9.003868e-01
363	8.969018e-01
364	8.934605e-01
365	8.900092e-01
366	8.865467e-01
367	8.830888e-01
368	8.796354e-01
369	8.761716e-01
370	8.726971e-01
371	8.692401e-01
372	8.657869e-01
373	8.623204e-01
374	8.588472e-01
375	8.553626e-01
376	8.519003e-01
377	8.484322e-01
378	8.449799e-01
379	8.415360e-01
380	8.381167e-01
381	8.346987e-01
382	8.312869e-01
383	8.278732e-01
384	8.244626e-01
385	8.210515e-01
386	8.176312e-01
387	8.142362e-01
388	8.108487e-01
389	8.074690e-01
390	8.040969e-01
391	8.006942e-01
392	7.972834e-01
393	7.938880e-01
394	7.905153e-01
395	7.871594e-01
396	7.837944e-01
397	7.804046e-01
398	7.770069e-01
399	7.736343e-01
400	7.702597e-01
401	7.668983e-01
402	7.635332e-01
403	7.601721e-01
404	7.568166e-01
405	7.534451e-01
406	7.500835e-01
407	7.467234e-01
408	7.433739e-01
409	7.400330e-01
410	7.366660e-01
411	7.333032e-01
412	7.299345e-01
413	7.265543e-01
414	7.231647e-01
415	7.198052e-01
416	7.164529e-01
417	7.131084e-01
418	7.097527e-01
419	7.064062e-01
420	7.030714e-01
421	6.997591e-01
422	6.964517e-01
423	6.931555e-01
424	6.898713e-01
425	6.865918e-01
426	6.833087e-01
427	6.800326e-01
428	6.767457e-01
429	6.734812e-01
430	6.702562e-01
431	6.670228e-01
432	6.637974e-01
433	6.605865e-01
434	6.573770e-01
435	6.541583e-01
436	6.509450e-01
437	6.477654e-01
438	6.445778e-01
439	6.414001e-01
440	6.382333e-01
441	6.350737e-01
442	6.319185e-01
443	6.287856e-01
444	6.256698e-01
445	6.225746e-01
446	6.194842e-01
447	6.164061e-01
448	6.133307e-01
449	6.102665e-01
450	6.072060e-01
451	6.041549e-01
452	6.011302e-01
453	5.981116e-01
454	5.951011e-01
455	5.921015e-01
456	5.891049e-01
457	5.860769e-01
458	5.830510e-01
459	5.800349e-01
460	5.770044e-01
461	5.739800e-01
462	5.709428e-01
463	5.678911e-01
464	5.648559e-01
465	5.618314e-01
466	5.587999e-01
467	5.557730e-01
468	5.527387e-01
469	5.497169e-01
470	5.467150e-01
471	5.437385e-01
472	5.407628e-01
473	5.378103e-01
474	5.348638e-01
475	5.319119e-01
476	5.289760e-01
477	5.260310e-01
478	5.231006e-01
479	5.201595e-01
480	5.172385e-01
481	5.143338e-01
482	5.114287e-01
483	5.085217e-01
484	5.056191e-01
485	5.027128e-01
486	4.998172e-01
487	4.969345e-01
488	4.940415e-01
489	4.911757e-01
490	4.883001e-01
491	4.854283e-01
492	4.825449e-01
493	4.796726e-01
494	4.767928e-01
495	4.739237e-01
496	4.710723e-01
497	4.682129e-01
498	4.653407e-01
499	4.624895e-01
500	4.596388e-01
501	4.567935e-01
502	4.539527e-01
503	4.511344e-01
504	4.483176e-01
505	4.455074e-01
506	4.427061e-01
507	4.399076e-01
508	4.371259e-01
509	4.343461e-01
510	4.315725e-01
511	4.288009e-01
512	4.260250e-01
513	4.232534e-01
514	4.204988e-01
515	4.177600e-01
516	4.150219e-01
517	4.123002e-01
518	4.096000e-01
519	4.069226e-01
520	4.042483e-01
521	4.015832e-01
522	3.989301e-01
523	3.962933e-01
524	3.936626e-01
525	3.910453e-01
526	3.884397e-01
527	3.858472e-01
528	3.832594e-01
529	3.806682e-01
530	3.780916e-01
531	3.755179e-01
532	3.729425e-01
533	3.703840e-01
534	3.678446e-01
535	3.653144e-01
536	3.627850e-01
537	3.602599e-01
538	3.577487e-01
539	3.552618e-01
540	3.527827e-01
541	3.503023e-01
542	3.478377e-01
543	3.453817e-01
544	3.429320e-01
545	3.405011e-01
546	3.380693e-01
547	3.356641e-01
548	3.332768e-01
549	3.309128e-01
550	3.285549e-01
551	3.262139e-01
552	3.238791e-01
553	3.215566e-01
554	3.192346e-01
555	3.169230e-01
556	3.146266e-01
557	3.123368e-01
558	3.100562e-01
559	3.077807e-01
560	3.055262e-01
561	3.032824e-01
562	3.010545e-01
563	2.988424e-01
564	2.966490e-01
565	2.944528e-01
566	2.922635e-01
567	2.900821e-01
568	2.879081e-01
569	2.857445e-01
570	2.835922e-01
571	2.814571e-01
572	2.793352e-01
573	2.772141e-01
574	2.750926e-01
575	2.729795e-01
576	2.708734e-01
577	2.687827e-01
578	2.667047e-01
579	2.646360e-01
580	2.625842e-01
581	2.605412e-01
582	2.585066e-01
583	2.564904e-01
584	2.544938e-01
585	2.525083e-01
586	2.505352e-01
587	2.485720e-01
588	2.466219e-01
589	2.446753e-01
590	2.427410e-01
591	2.408078e-01
592	2.388843e-01
593	2.369779e-01
594	2.350794e-01
595	2.331833e-01
596	2.312941e-01
597	2.294194e-01
598	2.275584e-01
599	2.257160e-01
600	2.238853e-01
601	2.220608e-01
602	2.202469e-01
603	2.184392e-01
604	2.166380e-01
605	2.148437e-01
606	2.130563e-01
607	2.112837e-01
608	2.095188e-01
609	2.077643e-01
610	2.060131e-01
611	2.042719e-01
612	2.025376e-01
613	2.008138e-01
614	1.990963e-01
615	1.973827e-01
616	1.956809e-01
617	1.939887e-01
618	1.923060e-01
619	1.906323e-01
620	1.889700e-01
621	1.873143e-01
622	1.856655e-01
623	1.840281e-01
624	1.823991e-01
625	1.807777e-01
626	1.791636e-01
627	1.775605e-01
628	1.759715e-01
629	1.743967e-01
630	1.728333e-01
631	1.712801e-01
632	1.697350e-01
633	1.682008e-01
634	1.666808e-01
635	1.651698e-01
636	1.636651e-01
637	1.621731e-01
638	1.606884e-01
639	1.592153e-01
640	1.577485e-01
641	1.562937e-01
642	1.548436e-01
643	1.534042e-01
644	1.519731e-01
645	1.505478e-01
646	1.491302e-01
647	1.477216e-01
648	1.463201e-01
649	1.449321e-01
650	1.435504e-01
651	1.421750e-01
652	1.408078e-01
653	1.394514e-01
654	1.380983e-01
655	1.367577e-01
656	1.354248e-01
657	1.341027e-01
658	1.327898e-01
659	1.314872e-01
660	1.301961e-01
661	1.289148e-01
662	1.276397e-01
663	1.263752e-01
664	1.251222e-01
665	1.238797e-01
666	1.226498e-01
667	1.214260e-01
668	1.202080e-01
669	1.189930e-01
670	1.177876e-01
671	1.165918e-01
672	1.154052e-01
673	1.142280e-01
674	1.130610e-01
675	1.119027e-01
676	1.107516e-01
677	1.096103e-01
678	1.084775e-01
679	1.073525e-01
680	1.062373e-01
681	1.051335e-01
682	1.040351e-01
683	1.029429e-01
684	1.018624e-01
685	1.007913e-01
686	9.972469e-02
687	9.866348e-02
688	9.760634e-02
689	9.655825e-02
690	9.551830e-02
691	9.449068e-02
692	9.346794e-02
693	9.245518e-02
694	9.144993e-02
695	9.045170e-02
696	8.946225e-02
697	8.848023e-02
698	8.750717e-02
699	8.653920e-02
700	8.557854e-02
701	8.462595e-02
702	8.368355e-02
703	8.274848e-02
704	8.181985e-02
705	8.089800e-02
706	7.998439e-02
707	7.907840e-02
708	7.818017e-02
709	7.728636e-02
710	7.640265e-02
711	7.552752e-02
712	7.465865e-02
713	7.379714e-02
714	7.294400e-02
715	7.209761e-02
716	7.126034e-02
717	7.043276e-02
718	6.961083e-02
719	6.879708e-02
720	6.799231e-02
721	6.719539e-02
722	6.640402e-02
723	6.561914e-02
724	6.484045e-02
725	6.406943e-02
726	6.330583e-02
727	6.254823e-02
728	6.179724e-02
729	6.105273e-02
730	6.031429e-02
731	5.958252e-02
732	5.885847e-02
733	5.814086e-02
734	5.742885e-02
735	5.672225e-02
736	5.602126e-02
737	5.532622e-02
738	5.463672e-02
739	5.395196e-02
740	5.327352e-02
741	5.260169e-02
742	5.193463e-02
743	5.127371e-02
744	5.062004e-02
745	4.997131e-02
746	4.932922e-02
747	4.869310e-02
748	4.806304e-02
749	4.743905e-02
750	4.682185e-02
751	4.620983e-02
752	4.560505e-02
753	4.500522e-02
754	4.441097e-02
755	4.382262e-02
756	4.323900e-02
757	4.266073e-02
758	4.208755e-02
759	4.151991e-02
760	4.095988e-02
761	4.040501e-02
762	3.985538e-02
763	3.931242e-02
764	3.877518e-02
765	3.824228e-02
766	3.771466e-02
767	3.719270e-02
768	3.667574e-02
769	3.616481e-02
770	3.565959e-02
771	3.515924e-02
772	3.466395e-02
773	3.417369e-02
774	3.368904e-02
775	3.321042e-02
776	3.273788e-02
777	3.227066e-02
778	3.181001e-02
779	3.135459e-02
780	3.090466e-02
781	3.045994e-02
782	3.002013e-02
783	2.958656e-02
784	2.915775e-02
785	2.873421e-02
786	2.831564e-02
787	2.790205e-02
788	2.749381e-02
789	2.709026e-02
790	2.669268e-02
791	2.629990e-02
792	2.591250e-02
793	2.553040e-02
794	2.515395e-02
795	2.478339e-02
796	2.441836e-02
797	2.405806e-02
798	2.370288e-02
799	2.335175e-02
800	2.300637e-02
801	2.266608e-02
802	2.233034e-02
803	2.199951e-02
804	2.167368e-02
805	2.135159e-02
806	2.103486e-02
807	2.072280e-02
808	2.041559e-02
809	2.011312e-02
810	1.981494e-02
811	1.952058e-02
812	1.923106e-02
813	1.894571e-02
814	1.866579e-02
815	1.839090e-02
816	1.812072e-02
817	1.785528e-02
818	1.759427e-02
819	1.733727e-02
820	1.708506e-02
821	1.683770e-02
822	1.659456e-02
823	1.635592e-02
824	1.612166e-02
825	1.589134e-02
826	1.566573e-02
827	1.544394e-02
828	1.522641e-02
829	1.501298e-02
830	1.480372e-02
831	1.459832e-02
832	1.439706e-02
833	1.420049e-02
834	1.400794e-02
835	1.381920e-02
836	1.363475e-02
837	1.345385e-02
838	1.327669e-02
839	1.310347e-02
840	1.293432e-02
841	1.276895e-02
842	1.260812e-02
843	1.245118e-02
844	1.229774e-02
845	1.214789e-02
846	1.200165e-02
847	1.185941e-02
848	1.172106e-02
849	1.158647e-02
850	1.145590e-02
851	1.132866e-02
852	1.120504e-02
853	1.108523e-02
854	1.096898e-02
855	1.085635e-02
856	1.074713e-02
857	1.064171e-02
858	1.053966e-02
859	1.044107e-02
860	1.034577e-02
861	1.025372e-02
862	1.016536e-02
863	1.007996e-02
864	9.997423e-03
865	9.918378e-03
866	9.842695e-03
867	9.769913e-03
868	9.700350e-03
869	9.633735e-03
870	9.570194e-03
871	9.509604e-03
872	9.451975e-03
873	9.397384e-03
874	9.345942e-03
875	9.297490e-03
876	9.252111e-03
877	9.209632e-03
878	9.169948e-03
879	9.133007e-03
880	9.099100e-03
881	9.067811e-03
882	9.039475e-03
883	9.013724e-03
884	8.990816e-03
885	8.970488e-03
886	8.952893e-03
887	8.938049e-03
888	8.925802e-03
889	8.916309e-03
890	8.909298e-03
891	8.904581e-03
892	8.902167e-03
893	8.902304e-03
894	8.904830e-03
895	8.909968e-03
896	8.917816e-03
897	8.928065e-03
898	8.940943e-03
899	8.955711e-03
900	8.973196e-03
901	8.992718e-03
902	9.014865e-03
903	9.039481e-03
904	9.066475e-03
905	9.095947e-03
906	9.127773e-03
907	9.162086e-03
908	9.198993e-03
909	9.238159e-03
910	9.279664e-03
911	9.323317e-03
912	9.369079e-03
913	9.416647e-03
914	9.466245e-03
915	9.517926e-03
916	9.571382e-03
917	9.626663e-03
918	9.684162e-03
919	9.743420e-03
920	9.804991e-03
921	9.868377e-03
922	9.933728e-03
923	1.000100e-02
924	1.007028e-02
925	1.014140e-02
926	1.021445e-02
927	1.028943e-02
928	1.036640e-02
929	1.044539e-02
930	1.052616e-02
931	1.060908e-02
932	1.069395e-02
933	1.078044e-02
934	1.086852e-02
935	1.095796e-02
936	1.104869e-02
937	1.114078e-02
938	1.123431e-02
939	1.132943e-02
940	1.142627e-02
941	1.152480e-02
942	1.162472e-02
943	1.172634e-02
944	1.182886e-02
945	1.193298e-02
946	1.203868e-02
947	1.214627e-02
948	1.225510e-02
949	1.236527e-02
950	1.247627e-02
951	1.258815e-02
952	1.270120e-02
953	1.281600e-02
954	1.293229e-02
955	1.305009e-02
956	1.316924e-02
957	1.328922e-02
958	1.341040e-02
959	1.353248e-02
960	1.365562e-02
961	1.377978e-02
962	1.390500e-02
963	1.403109e-02
964	1.415877e-02
965	1.428797e-02
966	1.441863e-02
967	1.455063e-02
968	1.468374e-02
969	1.481766e-02
970	1.495210e-02
971	1.508768e-02
972	1.522394e-02
973	1.536059e-02
974	1.549788e-02
975	1.563583e-02
976	1.577478e-02
977	1.591432e-02
978	1.605473e-02
979	1.619607e-02
980	1.633832e-02
981	1.648148e-02
982	1.662557e-02
983	1.677044e-02
984	1.691625e-02
985	1.706242e-02
986	1.720937e-02
987	1.735735e-02
988	1.750637e-02
989	1.765587e-02
990	1.780621e-02
991	1.795706e-02
992	1.810776e-02
993	1.825910e-02
994	1.841083e-02
995	1.856286e-02
996	1.871517e-02
997	1.886771e-02
998	1.902139e-02
999	1.917605e-02
1000	1.933157e-02
