1	0.000000e+00
2	1.999274e+00
3	1.998538e+00
4	1.997820e+00
5	1.997097e+00
6	1.996368e+00
7	1.995616e+00
8	1.994848e+00
9	1.994078e+00
10	1.993348e+00
11	1.992654e+00
12	1.991954e+00
13	1.991222e+00
14	1.990462e+00
15	1.989708e+00
16	1.988964e+00
17	1.988234e+00
18	1.987498e+00
19	1.986757e+00
20	1.985997e+00
21	1.985241e+00
22	1.984475e+00
23	1.983700e+00
24	1.982910e+00
25	1.982118e+00
26	1.981342e+00
27	1.980550e+00
28	1.979732e+00
29	1.978898e+00
30	1.978032e+00
31	1.977149e+00
32	1.976267e+00
33	1.975370e+00
34	1.974486e+00
35	1.973580e+00
36	1.972678e+00
37	1.971791e+00
38	1.970883e+00
39	1.969953e+00
40	1.969047e+00
41	1.968162e+00
42	1.967273e+00
43	1.966361e+00
44	1.965446e+00
45	1.964533e+00
46	1.963633e+00
47	1.962727e+00
48	1.961801e+00
49	1.960902e+00
50	1.960032e+00
51	1.959195e+00
52	1.958321e+00
53	1.957418e+00
54	1.956482e+00
55	1.955583e+00
56	1.954641e+00
57	1.953713e+00
58	1.952733e+00
59	1.951776e+00
60	1.950818e+00
61	1.949838e+00
62	1.948855e+00
63	1.947910e+00
64	1.946964e+00
65	1.946062e+00
66	1.945193e+00
67	1.944336e+00
68	1.943496e+00
69	1.942623e+00
70	1.941702e+00
71	1.940792e+00
72	1.939874e+00
73	1.938980e+00
74	1.938084e+00
75	1.937194e+00
76	1.936293e+00
77	1.935378e+00
78	1.934495e+00
79	1.933638e+00
80	1.932742e+00
81	1.931842e+00
82	1.930944e+00
83	1.930029e+00
84	1.929134e+00
85	1.928192e+00
86	1.927247e+00
87	1.926312e+00
88	1.925360e+00
89	1.924364e+00
90	1.923353e+00
91	1.922330e+00
92	1.921272e+00
93	1.920232e+00
94	1.919190e+00
95	1.918118e+00
96	1.917046e+00
97	1.915963e+00
98	1.914877e+00
99	1.913779e+00
100	1.912645e+00
101	1.911527e+00
102	1.910389e+00
103	1.909203e+00
104	1.907989e+00
105	1.906798e+00
106	1.905628e+00
107	1.904455e+00
108	1.903260e+00
109	1.902058e+00
110	1.900846e+00
111	1.899650e+00
112	1.898450e+00
113	1.897238e+00
114	1.896026e+00
115	1.894836e+00
116	1.893652e+00
117	1.892475e+00
118	1.891307e+00
119	1.890129e+00
120	1.888925e+00
121	1.887716e+00
122	1.886528e+00
123	1.885330e+00
124	1.884172e+00
125	1.883027e+00
126	1.881907e+00
127	1.880774e+00
128	1.879595e+00
129	1.878417e+00
130	1.877249e+00
131	1.876085e+00
132	1.874942e+00
133	1.873811e+00
134	1.872664e+00
135	1.871494e+00
136	1.870349e+00
137	1.869189e+00
138	1.868023e+00
139	1.866847e+00
140	1.865681e+00
141	1.864479e+00
142	1.863302e+00
143	1.862149e+00
144	1.861027e+00
145	1.859909e+00
146	1.858787e+00
147	1.857647e+00
148	1.856505e+00
149	1.855395e+00
150	1.854285e+00
151	1.853147e+00
152	1.851971e+00
153	1.850788e+00
154	1.849583e+00
155	1.848367e+00
156	1.847123e+00
157	1.845879e+00
158	1.844604e+00
159	1.843299e+00
160	1.842007e+00
161	1.840686e+00
162	1.839370e+00
163	1.838061e+00
164	1.836768e+00
165	1.835494e+00
166	1.834225e+00
167	1.832975e+00
168	1.831714e+00
169	1.830474e+00
170	1.829215e+00
171	1.827941e+00
172	1.826642e+00
173	1.825342e+00
174	1.824033e+00
175	1.822735e+00
176	1.821446e+00
177	1.820158e+00
178	1.818873e+00
179	1.817605e+00
180	1.816352e+00
181	1.815104e+00
182	1.813852e+00
183	1.812597e+00
184	1.811366e+00
185	1.810174e+00
186	1.808997e+00
187	1.807822e+00
188	1.806628e+00
189	1.805433e+00
190	1.804227e+00
191	1.803031e+00
192	1.801843e+00
193	1.800627e+00
194	1.799426e+00
195	1.798187e+00
196	1.796952e+00
197	1.795729e+00
198	1.794501e+00
199	1.793242e+00
200	1.791967e+00
201	1.790651e+00
202	1.789357e+00
203	1.788032e+00
204	1.786729e+00
205	1.785431e+00
206	1.784119e+00
207	1.782815e+00
208	1.781485e+00
209	1.780175e+00
210	1.778868e+00
211	1.777535e+00
212	1.776175e+00
213	1.774801e+00
214	1.773415e+00
215	1.772023e+00
216	1.770634e+00
217	1.769236e+00
218	1.767837e+00
219	1.766437e+00
220	1.765059e+00
221	1.763642e+00
222	1.762242e+00
223	1.760836e+00
224	1.759474e+00
225	1.758108e+00
226	1.756736e+00
227	1.755363e+00
228	1.754009e+00
229	1.752648e+00
230	1.751274e+00
231	1.749895e+00
232	1.748511e+00
233	1.747107e+00
234	1.745679e+00
235	1.744249e+00
236	1.742812e+00
237	1.741379e+00
238	1.739949e+00
239	1.738509e+00
240	1.737066e+00
241	1.735635e+00
242	1.734211e+00
243	1.732752e+00
244	1.731316e+00
245	1.729899e+00
246	1.728467e+00
247	1.727042e+00
248	1.725600e+00
249	1.724152e+00
250	1.722678e+00
251	1.721186e+00
252	1.719669e+00
253	1.718159e+00
254	1.716664e+00
255	1.715162e+00
256	1.713682e+00
257	1.712199e+00
258	1.710708e+00
259	1.709224e+00
260	1.707743e+00
261	1.706249e+00
262	1.704763e+00
263	1.703289e+00
264	1.701787e+00
265	1.700266e+00
266	1.698749e+00
267	1.697227e+00
268	1.695678e+00
269	1.694158e+00
270	1.692631e+00
271	1.691111e+00
272	1.689639e+00
273	1.688169e+00
274	1.686668e+00
275	1.685179e+00
276	1.683691e+00
277	1.682168e+00
278	1.680657e+00
279	1.679146e+00
280	1.677664e+00
281	1.676162e+00
282	1.674648e+00
283	1.673127e+00
284	1.671607e+00
285	1.670074e+00
286	1.668508e+00
287	1.666922e+00
288	1.665328e+00
289	1.663746e+00
290	1.662166e+00
291	1.660607e+00
292	1.659075e+00
293	1.657542e+00
294	1.655968e+00
295	1.654396e+00
296	1.652796e+00
297	1.651187e+00
298	1.649573e+00
299	1.647940e+00
300	1.646283e+00
301	1.644634e+00
302	1.642984e+00
303	1.641352e+00
304	1.639691e+00
305	1.638043e+00
306	1.636387e+00
307	1.634753e+00
308	1.633117e+00
309	1.631472e+00
310	1.629847e+00
311	1.628198e+00
312	1.626528e+00
313	1.624874e+00
314	1.623203e+00
315	1.621511e+00
316	1.619796e+00
317	1.618101e+00
318	1.616411e+00
319	1.614732e+00
320	1.613047e+00
321	1.611368e+00
322	1.609702e+00
323	1.608063e+00
324	1.606409e+00
325	1.604723e+00
326	1.603055e+00
327	1.601383e+00
328	1.599709e+00
329	1.598049e+00
330	1.596379e+00
331	1.594711e+00
332	1.593069e+00
333	1.591426e+00
334	1.589784e+00
335	1.588110e+00
336	1.586428e+00
337	1.584753e+00
338	1.583089e+00
339	1.581397e+00
340	1.579698e+00
341	1.578006e+00
342	1.576312e+00
343	1.574640e+00
344	1.572984e+00
345	1.571316e+00
346	1.569640e+00
347	1.567970e+00
348	1.566290e+00
349	1.564585e+00
350	1.562886e+00
351	1.561217e+00
352	1.559556e+00
353	1.557914e+00
354	1.556244e+00
355	1.554601e+00
356	1.552969e+00
357	1.551310e+00
358	1.549648e+00
359	1.547983e+00
360	1.546292e+00
361	1.544573e+00
362	1.542832e+00
363	1.541074e+00
364	1.539341e+00
365	1.537604e+00
366	1.535864e+00
367	1.534102e+00
368	1.532371e+00
369	1.530635e+00
370	1.528885e+00
371	1.527127e+00
372	1.525399e+00
373	1.523688e+00
374	1.521944e+00
375	1.520182e+00
376	1.518430e+00
377	1.516707e+00
378	1.514972e+00
379	1.513215e+00
380	1.511470e+00
381	1.509728e+00
382	1.508021e+00
383	1.506285e+00
384	1.504567e+00
385	1.502822e+00
386	1.501077e+00
387	1.499321e+00
388	1.497582e+00
389	1.495851e+00
390	1.494119e+00
391	1.492381e+00
392	1.490634e+00
393	1.488877e+00
394	1.487130e+00
395	1.485396e+00
396	1.483640e+00
397	1.481872e+00
398	1.480094e+00
399	1.478316e+00
400	1.476535e+00
401	1.474730e+00
402	1.472927e+00
403	1.471134e+00
404	1.469354e+00
405	1.467573e+00
406	1.465813e+00
407	1.464046e+00
408	1.462273e+00
409	1.460466e+00
410	1.458681e+00
411	1.456895e+00
412	1.455107e+00
413	1.453316e+00
414	1.451540e+00
415	1.449771e+00
416	1.448010e+00
417	1.446217e+00
418	1.444414e+00
419	1.442600e+00
420	1.440786e+00
421	1.438982e+00
422	1.437178e+00
423	1.435389e+00
424	1.433595e+00
425	1.431818e+00
426	1.430032e+00
427	1.428240e+00
428	1.426466e+00
429	1.424713e+00
430	1.422987e+00
431	1.421250e+00
432	1.419495e+00
433	1.417729e+00
434	1.415949e+00
435	1.414171e+00
436	1.412414e+00
437	1.410663e+00
438	1.408892e+00
439	1.407120e+00
440	1.405338e+00
441	1.403553e+00
442	1.401775e+00
443	1.399978e+00
444	1.398157e+00
445	1.396366e+00
446	1.394577e+00
447	1.392767e+00
448	1.390970e+00
449	1.389180e+00
450	1.387399e+00
451	1.385592e+00
452	1.383780e+00
453	1.381970e+00
454	1.380165e+00
455	1.378350e+00
456	1.376524e+00
457	1.374693e+00
458	1.372868e+00
459	1.371033e+00
460	1.369177e+00
461	1.367309e+00
462	1.365437e+00
463	1.363572e+00
464	1.361688e+00
465	1.359808e+00
466	1.357904e+00
467	1.356000e+00
468	1.354093e+00
469	1.352214e+00
470	1.350331e+00
471	1.348453e+00
472	1.346584e+00
473	1.344724e+00
474	1.342827e+00
475	1.340932e+00
476	1.339031e+00
477	1.337140e+00
478	1.335233e+00
479	1.333316e+00
480	1.331407e+00
481	1.329515e+00
482	1.327605e+00
483	1.325715e+00
484	1.323800e+00
485	1.321858e+00
486	1.319901e+00
487	1.317920e+00
488	1.315933e+00
489	1.313943e+00
490	1.311937e+00
491	1.309923e+00
492	1.307897e+00
493	1.305881e+00
494	1.303881e+00
495	1.301894e+00
496	1.299891e+00
497	1.297885e+00
498	1.295874e+00
499	1.293862e+00
500	1.291849e+00
501	1.289858e+00
502	1.287864e+00
503	1.285879e+00
504	1.283909e+00
505	1.281948e+00
506	1.279966e+00
507	1.277998e+00
508	1.276038e+00
509	1.274051e+00
510	1.272066e+00
511	1.270070e+00
512	1.268075e+00
513	1.266081e+00
514	1.264090e+00
515	1.262105e+00
516	1.260092e+00
517	1.258093e+00
518	1.256083e+00
519	1.254041e+00
520	1.251984e+00
521	1.249947e+00
522	1.247905e+00
523	1.245858e+00
524	1.243800e+00
525	1.241752e+00
526	1.239700e+00
527	1.237651e+00
528	1.235590e+00
529	1.233527e+00
530	1.231472e+00
531	1.229436e+00
532	1.227387e+00
533	1.225342e+00
534	1.223284e+00
535	1.221200e+00
536	1.219112e+00
537	1.217003e+00
538	1.214886e+00
539	1.212782e+00
540	1.210664e+00
541	1.208538e+00
542	1.206419e+00
543	1.204301e+00
544	1.202183e+00
545	1.200038e+00
546	1.197896e+00
547	1.195741e+00
548	1.193576e+00
549	1.191404e+00
550	1.189233e+00
551	1.187066e+00
552	1.184877e+00
553	1.182680e+00
554	1.180494e+00
555	1.178298e+00
556	1.176123e+00
557	1.173960e+00
558	1.171789e+00
559	1.169612e+00
560	1.167438e+00
561	1.165275e+00
562	1.163123e+00
563	1.160975e+00
564	1.158841e+00
565	1.156721e+00
566	1.154602e+00
567	1.152460e+00
568	1.150305e+00
569	1.148140e+00
570	1.145978e+00
571	1.143816e+00
572	1.141672e+00
573	1.139507e+00
574	1.137334e+00
575	1.135184e+00
576	1.133039e+00
577	1.130903e+00
578	1.128778e+00
579	1.126639e+00
580	1.124500e+00
581	1.122382e+00
582	1.120270e+00
583	1.118161e+00
584	1.116068e+00
585	1.113981e+00
586	1.111905e+00
587	1.109813e+00
588	1.107741e+00
589	1.105668e+00
590	1.103588e+00
591	1.101520e+00
592	1.099451e+00
593	1.097394e+00
594	1.095341e+00
595	1.093304e+00
596	1.091247e+00
597	1.089191e+00
598	1.087140e+00
599	1.085090e+00
600	1.083071e+00
601	1.081039e+00
602	1.079010e+00
603	1.076976e+00
604	1.074944e+00
605	1.072895e+00
606	1.070859e+00
607	1.068829e+00
608	1.066792e+00
609	1.064737e+00
610	1.062671e+00
611	1.060611e+00
612	1.058555e+00
613	1.056491e+00
614	1.054432e+00
615	1.052357e+00
616	1.050292e+00
617	1.048238e+00
618	1.046182e+00
619	1.044113e+00
620	1.042061e+00
621	1.040005e+00
622	1.037957e+00
623	1.035927e+00
624	1.033896e+00
625	1.031867e+00
626	1.029835e+00
627	1.027801e+00
628	1.025755e+00
629	1.023712e+00
630	1.021672e+00
631	1.019639e+00
632	1.017610e+00
633	1.015575e+00
634	1.013549e+00
635	1.011543e+00
636	1.009515e+00
637	1.007499e+00
638	1.005493e+00
639	1.003516e+00
640	1.001519e+00
641	9.994990e-01
642	9.974951e-01
643	9.954782e-01
644	9.934709e-01
645	9.914761e-01
646	9.894678e-01
647	9.874726e-01
648	9.854776e-01
649	9.834941e-01
650	9.815032e-01
651	9.795123e-01
652	9.775311e-01
653	9.755499e-01
654	9.735824e-01
655	9.716116e-01
656	9.696483e-01
657	9.676669e-01
658	9.656783e-01
659	9.636684e-01
660	9.616664e-01
661	9.596512e-01
662	9.576434e-01
663	9.556302e-01
664	9.536135e-01
665	9.515934e-01
666	9.495675e-01
667	9.475325e-01
668	9.455111e-01
669	9.434999e-01
670	9.414928e-01
671	9.394882e-01
672	9.374953e-01
673	9.355003e-01
674	9.335042e-01
675	9.315234e-01
676	9.295343e-01
677	9.275470e-01
678	9.255730e-01
679	9.236210e-01
680	9.216806e-01
681	9.197492e-01
682	9.178167e-01
683	9.158861e-01
684	9.139585e-01
685	9.120201e-01
686	9.100784e-01
687	9.081594e-01
688	9.062284e-01
689	9.042856e-01
690	9.023402e-01
691	9.003947e-01
692	8.984639e-01
693	8.965284e-01
694	8.945921e-01
695	8.926484e-01
696	8.907067e-01
697	8.887613e-01
698	8.868143e-01
699	8.848765e-01
700	8.829456e-01
701	8.810184e-01
702	8.790803e-01
703	8.771349e-01
704	8.751879e-01
705	8.732459e-01
706	8.713136e-01
707	8.693947e-01
708	8.674771e-01
709	8.655501e-01
710	8.636224e-01
711	8.616859e-01
712	8.597534e-01
713	8.578328e-01
714	8.558981e-01
715	8.539754e-01
716	8.520490e-01
717	8.501375e-01
718	8.482404e-01
719	8.463321e-01
720	8.444302e-01
721	8.425279e-01
722	8.406135e-01
723	8.387020e-01
724	8.367801e-01
725	8.348723e-01
726	8.329644e-01
727	8.310608e-01
728	8.291504e-01
729	8.272331e-01
730	8.253269e-01
731	8.234157e-01
732	8.215182e-01
733	8.196431e-01
734	8.177622e-01
735	8.158895e-01
736	8.140249e-01
737	8.121586e-01
738	8.103099e-01
739	8.084545e-01
740	8.066106e-01
741	8.047450e-01
742	8.028936e-01
743	8.010484e-01
744	7.992081e-01
745	7.973789e-01
746	7.955476e-01
747	7.937081e-01
748	7.918716e-01
749	7.900464e-01
750	7.882160e-01
751	7.863806e-01
752	7.845408e-01
753	7.826979e-01
754	7.808780e-01
755	7.790714e-01
756	7.772673e-01
757	7.754727e-01
758	7.736806e-01
759	7.718804e-01
760	7.700743e-01
761	7.682752e-01
762	7.664755e-01
763	7.646683e-01
764	7.628646e-01
765	7.610766e-01
766	7.592698e-01
767	7.574611e-01
768	7.556495e-01
769	7.538311e-01
770	7.520212e-01
771	7.502098e-01
772	7.483864e-01
773	7.465584e-01
774	7.447339e-01
775	7.429142e-01
776	7.411080e-01
777	7.392945e-01
778	7.374716e-01
779	7.356513e-01
780	7.338143e-01
781	7.319751e-01
782	7.301417e-01
783	7.283091e-01
784	7.264878e-01
785	7.246703e-01
786	7.228489e-01
787	7.210420e-01
788	7.192350e-01
789	7.174081e-01
790	7.155877e-01
791	7.137709e-01
792	7.119545e-01
793	7.101386e-01
794	7.083268e-01
795	7.065202e-01
796	7.047079e-01
797	7.028889e-01
798	7.010695e-01
799	6.992532e-01
800	6.974391e-01
801	6.956293e-01
802	6.938138e-01
803	6.919983e-01
804	6.901873e-01
805	6.883685e-01
806	6.865597e-01
807	6.847464e-01
808	6.829416e-01
809	6.811352e-01
810	6.793295e-01
811	6.775360e-01
812	6.757518e-01
813	6.739709e-01
814	6.721813e-01
815	6.704034e-01
816	6.686243e-01
817	6.668475e-01
818	6.650764e-01
819	6.633203e-01
820	6.615731e-01
821	6.598363e-01
822	6.581017e-01
823	6.563689e-01
824	6.546444e-01
825	6.529276e-01
826	6.512143e-01
827	6.495092e-01
828	6.478011e-01
829	6.460920e-01
830	6.443797e-01
831	6.426748e-01
832	6.409798e-01
833	6.392944e-01
834	6.375947e-01
835	6.358851e-01
836	6.341716e-01
837	6.324606e-01
838	6.307638e-01
839	6.290704e-01
840	6.273683e-01
841	6.256680e-01
842	6.239689e-01
843	6.222815e-01
844	6.205919e-01
845	6.189067e-01
846	6.172285e-01
847	6.155406e-01
848	6.138600e-01
849	6.121769e-01
850	6.104938e-01
851	6.088011e-01
852	6.071084e-01
853	6.054307e-01
854	6.037554e-01
855	6.020852e-01
856	6.004213e-01
857	5.987483e-01
858	5.970669e-01
859	5.953915e-01
860	5.937274e-01
861	5.920543e-01
862	5.903789e-01
863	5.887095e-01
864	5.870481e-01
865	5.853820e-01
866	5.837255e-01
867	5.820730e-01
868	5.804225e-01
869	5.787692e-01
870	5.771246e-01
871	5.754853e-01
872	5.738350e-01
873	5.721974e-01
874	5.705692e-01
875	5.689472e-01
876	5.673356e-01
877	5.657356e-01
878	5.641314e-01
879	5.625337e-01
880	5.609395e-01
881	5.593509e-01
882	5.577595e-01
883	5.561597e-01
884	5.545557e-01
885	5.529507e-01
886	5.513329e-01
887	5.497114e-01
888	5.480926e-01
889	5.464665e-01
890	5.448374e-01
891	5.432039e-01
892	5.415834e-01
893	5.399609e-01
894	5.383367e-01
895	5.367160e-01
896	5.350968e-01
897	5.334760e-01
898	5.318648e-01
899	5.302604e-01
900	5.286530e-01
901	5.270471e-01
902	5.254430e-01
903	5.238349e-01
904	5.222217e-01
905	5.206226e-01
906	5.190229e-01
907	5.174267e-01
908	5.158363e-01
909	5.142564e-01
910	5.126900e-01
911	5.111326e-01
912	5.095777e-01
913	5.080303e-01
914	5.064801e-01
915	5.049330e-01
916	5.033876e-01
917	5.018493e-01
918	5.003142e-01
919	4.987919e-01
920	4.972754e-01
921	4.957597e-01
922	4.942478e-01
923	4.927349e-01
924	4.912244e-01
925	4.897082e-01
926	4.881914e-01
927	4.866796e-01
928	4.851732e-01
929	4.836611e-01
930	4.821506e-01
931	4.806461e-01
932	4.791449e-01
933	4.776470e-01
934	4.761533e-01
935	4.746670e-01
936	4.731882e-01
937	4.717081e-01
938	4.702374e-01
939	4.687716e-01
940	4.673122e-01
941	4.658560e-01
942	4.644140e-01
943	4.629788e-01
944	4.615529e-01
945	4.601329e-01
946	4.587098e-01
947	4.572844e-01
948	4.558606e-01
949	4.544371e-01
950	4.530137e-01
951	4.515944e-01
952	4.501770e-01
953	4.487598e-01
954	4.473379e-01
955	4.459239e-01
956	4.445071e-01
957	4.430906e-01
958	4.416702e-01
959	4.402555e-01
960	4.388339e-01
961	4.374192e-01
962	4.360037e-01
963	4.345885e-01
964	4.331809e-01
965	4.317767e-01
966	4.303724e-01
967	4.289657e-01
968	4.275611e-01
969	4.261540e-01
970	4.247422e-01
971	4.233404e-01
972	4.219433e-01
973	4.205445e-01
974	4.191489e-01
975	4.177526e-01
976	4.163624e-01
977	4.149820e-01
978	4.135970e-01
979	4.122080e-01
980	4.108214e-01
981	4.094459e-01
982	4.080700e-01
983	4.066980e-01
984	4.053177e-01
985	4.039414e-01
986	4.025655e-01
987	4.011888e-01
988	3.998144e-01
989	3.984450e-01
990	3.970763e-01
991	3.957093e-01
992	3.943490e-01
993	3.929946e-01
994	3.916450e-01
995	3.903005e-01
996	3.889590e-01
997	3.876189e-01
998	3.862845e-01
999	3.849474e-01
1000	3.836090e-01
