1.000000e+00	5.117153e-01
2.000000e+00	1.400502e-01
3.000000e+00	4.841805e-02
4.000000e+00	3.130590e-02
5.000000e+00	2.674111e-02
6.000000e+00	2.495181e-02
7.000000e+00	2.777341e-02
8.000000e+00	2.994126e-02
9.000000e+00	2.539565e-02
1.000000e+01	2.689790e-02
1.100000e+01	2.367690e-02
1.200000e+01	3.141878e-02
1.300000e+01	3.831081e-02
1.400000e+01	3.409945e-02
1.500000e+01	2.988475e-02
1.600000e+01	2.658887e-02
1.700000e+01	2.368143e-02
1.800000e+01	2.610353e-02
1.900000e+01	3.037310e-02
2.000000e+01	2.833860e-02
